    HITS   MISSES  DIRTIES HITRATIO   BUFFERS_MB  CACHED_MB
 1766604  1045140       25   62.83%           14       4377
 1680499   989898       83   62.93%           14       8243
 1668254   990059       49   62.76%           14      12111
 1633071   989784       32   62.26%           14      15976
 1622711   989239       39   62.13%           14      19841
 1621921   987897       59   62.15%           14      23699
 1583192   990597       16   61.51%           14      27569
 1564321   989946       21   61.24%           14      29352
 1540931   988938       17   60.91%           14      29357
 1501403   990599       17   60.25%            4      29340
 1513405   989675       18   60.46%            4      29369
 1540491   985901       57   60.98%            4      29338
 1499175   986616       16   60.31%            4      29372
 1509637   987127       17   60.46%            4      29392
 1526797   986903       17   60.74%            4      29388
 1497661   988971       18   60.23%            4      29393
 1511409   989430       18   60.44%            4      29384
 1524609   987464       59   60.69%            4      29366
 1494420   988561       26   60.19%            4      29376
 1514891   989004       41   60.50%            4      29393
 1493330   988601      106   60.17%            4      29413
 1504083   986929       48   60.38%            4      29404
 1507857   989468       27   60.38%            4      29411
 1513158   986123       59   60.54%            4      29396
 1510382   990174       18   60.40%            4      29380
 1519845   984287       20   60.69%            4      29383
 1544163   970153       20   61.41%            4      29396
 1510437   989670       37   60.41%            4      29410
 1502023   989497       22   60.29%            5      29383
 1521246   986528       61   60.66%            5      29420
 1556414   990067       21   61.12%            5      29410
 1601538   989787       21   61.80%            5      29403
 1588436   990463       21   61.59%            5      29404
 1602751   989995       31   61.82%            5      29410
 1538880   990510       32   60.84%            5      29424
 1511030   987817       47   60.47%            5      29422
 1504996   988485       86   60.36%            5      29416
 1492432   989246       60   60.14%            5      29426
 1466686   987703       17   59.76%            5      29429
 1449199   988121       74   59.46%            5      29405
 1432326   988410       43   59.17%            5      29429
 1394258   987399      101   58.54%            5      29402
 1404391   989022       82   58.68%            5      29400
 1335896   990728       42   57.42%            5      29420
 1314584   990128       18   57.04%            5      29412
 1306269   990100       18   56.88%            5      29426
 1245827   986192       58   55.82%            5      29429
 1214496   986380       56   55.18%            5      29425
 1214908   980426       20   55.34%            5      29429
 1182990   989122       55   54.46%            5      29405
 1165507   990915       18   54.05%            5      29420
 1154145   988127       67   53.87%            5      29408
 1177089   989271       70   54.33%            5      29384
 1147135   986389       69   53.77%            5      29425
 1153573   988561       24   53.85%            5      29416
 1157175   978730       20   54.18%            5      29418
 1099194   981489       79   52.83%            5      29389
 1103547   983392       90   52.88%            5      29403
 1104479   989717       21   52.74%            4      29384
 1082859   980770      174   52.47%            4      29423
 1127446   979178       22   53.52%            4      29435
 1118585   985416       21   53.16%            4      29387
 1088200   985028       50   52.49%            4      29431
 1107513   985760       41   52.91%            4      29379
 1109372   989399        9   52.86%            4      29421
 1125206   981273       52   53.42%            4      29389
 1115699   987982       15   53.04%            4      29416
 1122896   989414       21   53.16%            3      29393
 1096194   988478       17   52.58%            3      29397
 1125282   990192       17   53.19%            3      29411
 1126979   989241       18   53.25%            3      29423
 1138244   981864       83   53.69%            3      29396
 1134173   985074       18   53.52%            3      29423
 1122457   989424       16   53.15%            3      29418
 1131561   985065       45   53.46%            3      29420
 1090202   987968       27   52.46%            3      29392
 1124194   987567       90   53.23%            3      29383
 1090674   988077       58   52.47%            4      29425
 1121646   988129       20   53.16%            3      29431
 1120119   988014       58   53.13%            4      29423
 1085372   990416       18   52.29%            4      29413
 1090916   980634     1743   52.66%           10      29403
 1027719   989398       69   50.95%            9      29409
 1033239   986680       57   51.15%            9      29391
 1018840   987435       29   50.78%            9      29386
 1017237   990589       29   50.66%            8      29383
  993498   989817       21   50.09%            8      29394
 1009246   989026       36   50.51%            7      29422
 1034389   990447       19   51.09%            7      29376
 1039281   986275      176   51.31%            6      29400
 1046666   988199       22   51.44%            6      29373
 1018376   990537       64   50.69%            5      29415
 1051138   987001      117   51.57%            5      29407
 1041308   988001      116   51.31%            5      29398
 1020849   989514       72   50.78%            5      29378
 1046766   983512      439   51.56%            5      29399
 1020607   987881       75   50.81%            5      29379
 1034461   986136      489   51.20%            5      29378
 1030481   986305      352   51.10%            5      29405
 1038556   988997       42   51.22%            5      29402
 1042884   984544       82   51.44%            5      29391
 1060796   982340      181   51.92%            5      29409
 1032998   989409       18   51.08%            5      29385
 1050145   985444       18   51.59%            5      29399
 1058729   986709       47   51.76%            5      29364
 1055931   987247       26   51.68%            5      29388
 1070815   987002       18   52.04%            5      29395
 1075769   987404       56   52.14%            5      29387
 1067174   987657       18   51.93%            5      29416
 1068840   988438       27   51.95%            5      29410
 1078276   989407       17   52.15%            5      29399
 1072322   985653       19   52.11%            5      29381
 1103182   985284       17   52.82%            5      29377
 1104257   985098       62   52.85%            5      29394
 1093170   987676       21   52.53%            5      29411
 1081460   990331       45   52.20%            5      29419
 1065107   988280       44   51.87%            5      29404
 1082371   992418       21   52.17%            5      29378
 1104075   988548       58   52.76%            5      29421
 1098911   985553       59   52.72%            5      29403
 1098986   987831       23   52.66%            5      29395
 1076533   989119       92   52.12%            5      29396
 1103601   988280       21   52.76%            5      29401
 1098203   990670       23   52.57%            5      29406
 1090162   989361       41   52.42%            5      29424
 1082048   988231       62   52.27%            5      29383
 1102860   982991       14   52.87%            5      29413
 1120385   985872       20   53.19%            5      29376
 1080572   988281       54   52.23%            5      29407
 1087596   989178      114   52.37%            5      29386
 1054654   989697       65   51.59%            5      29409
 1073018   986670      120   52.10%            5      29364
 1079007   990210       19   52.15%            5      29367
 1072537   990110       18   52.00%            5      29411
 1106911   989405      100   52.80%            6      29393
stop
