    HITS   MISSES  DIRTIES HITRATIO   BUFFERS_MB  CACHED_MB
 1829559  1049361      137   63.55%           15       4396
 1670759   990629       22   62.78%           16       8266
 1675564   989910       57   62.86%           16      12133
 1632199   990666       18   62.23%           16      16003
 1597224   988235       19   61.78%           16      19863
 1555878   990407       17   61.10%           16      23732
 1496050   990369       17   60.17%           16      27600
 1392745   990059       17   58.45%            4      29591
 1360647   989162       61   57.90%            4      29612
 1337874   989759       18   57.48%            4      29635
 1334669   989839       21   57.42%            4      29600
 1327790   989731       21   57.29%            4      29625
 1327836   990312       36   57.28%            4      29625
 1337667   989851       19   57.47%            4      29606
 1335282   989217       55   57.44%            4      29600
 1339900   989253       20   57.53%            4      29628
 1329154   989838       21   57.32%            4      29631
 1333341   989973       21   57.39%            4      29626
 1350375   989816       27   57.70%            4      29606
 1321718   989201       36   57.19%            4      29628
 1336344   989292      112   57.46%            5      29606
 1341730   989185       54   57.56%            5      29627
 1325362   990032       35   57.24%            5      29595
 1325282   990029       24   57.24%            5      29619
 1340070   987964       16   57.56%            5      29585
 1337855   989892       16   57.47%            5      29616
 1340935   989032       54   57.55%            5      29608
 1334438   990240       17   57.40%            5      29612
 1332931   990126       17   57.38%            5      29615
 1337824   988965       19   57.50%            5      29629
 1379247   988426       17   58.25%            5      29611
 1410319   989277       17   58.77%            5      29634
 1421622   989514       57   58.96%            5      29606
 1431474   990288       18   59.11%            5      29588
 1426546   989801       18   59.04%            5      29633
 1421153   989978       18   58.94%            5      29622
 1431424   989983       18   59.12%            5      29617
 1426902   989006       18   59.06%            5      29616
 1422295   989177       55   58.98%            5      29587
 1425788   990196       19   59.01%            5      29634
 1434234   990294       17   59.16%            5      29624
 1423482   989734       17   58.99%            5      29597
 1426012   989088       35   59.05%            5      29618
 1424778   990178       18   59.00%            5      29615
 1421670   989561       56   58.96%            5      29608
 1421179   989847       18   58.94%            5      29596
 1425685   989016       21   59.04%            5      29588
 1414149   990236       21   58.82%            5      29614
 1422169   989246       21   58.98%            5      29606
 1408242   989179       47   58.74%            5      29599
 1400654   988964       47   58.61%            5      29612
 1414929   989856       15   58.84%            5      29600
 1400003   989599      114   58.59%            5      29623
 1389937   989668       48   58.41%            5      29624
 1399102   989769       17   58.57%            5      29613
 1402103   989751       45   58.62%            5      29607
 1396952   989215       65   58.54%            5      29628
 1398549   990235       18   58.55%            5      29596
 1395264   990187       18   58.49%            5      29586
 1389997   990061       44   58.40%            5      29611
 1395145   989791       18   58.50%            5      29598
 1394201   990466       18   58.47%            5      29624
 1407417   989135      172   58.73%            6      29618
 1391665   989572       28   58.44%            6      29611
 1400486   989008       19   58.61%            6      29589
 1392624   989833      134   58.45%            6      29612
 1394213   990108       19   58.47%            6      29609
 1391837   990088       19   58.43%            6      29626
 1404261   989241       95   58.67%            6      29588
 1379761   989394       20   58.24%            6      29620
 1388451   989424       73   58.39%            6      29619
 1380410   989643       47   58.24%            6      29622
 1398006   990073       34   58.54%            6      29618
 1392736   988728       45   58.48%            6      29616
 1386684   988995       62   58.37%            6      29622
 1391429   990091       20   58.43%            6      29589
 1380791   990031       20   58.24%            6      29621
 1398396   990063       20   58.55%            6      29588
 1398367   990237       20   58.54%            6      29628
 1387588   990201       19   58.36%            6      29596
 1400451   989493       52   58.60%            6      29611
 1389929   990112       14   58.40%            6      29593
 1381149   989791       20   58.25%            6      29609
 1390985   990002       20   58.42%            6      29605
 1390014   989859       16   58.41%            6      29592
 1398256   990190       21   58.54%            6      29589
 1397680   989065      153   58.56%            6      29624
 1377688   990237       17   58.18%            6      29592
 1381813   989647       17   58.27%            6      29608
 1372210   988607       53   58.12%            6      29620
 1379828   989563       17   58.24%            6      29615
 1383563   989642       60   58.30%            6      29601
 1374928   987590       54   58.20%            6      29614
 1375994   989795      102   58.16%            6      29619
 1382023   988831       46   58.29%            6      29586
 1378225   990033       27   58.20%            6      29628
 1382489   989491       18   58.28%            6      29599
 1373775   989649       18   58.13%            6      29594
 1376528   987777      116   58.22%            6      29610
 1395968   989490       46   58.52%            6      29604
 1377667   989963       19   58.19%            6      29592
 1374548   989836       47   58.14%            6      29602
 1374339   989135       45   58.15%            6      29591
 1375167   990255       23   58.14%            6      29634
 1368135   989134      136   58.04%            6      29618
 1390950   989779       48   58.43%            6      29613
 1382892   989955       49   58.28%            6      29594
 1371126   989810       29   58.08%            6      29618
 1380624   990293       21   58.23%            6      29583
 1371390   990226       18   58.07%            6      29590
 1374780   988960       47   58.16%            6      29603
 1373209   989837       15   58.11%            6      29620
 1364693   990297       21   57.95%            6      29595
 1372438   989896       57   58.10%            6      29612
 1376350   989870       27   58.17%            7      29601
 1378024   990021       17   58.19%            7      29610
 1381477   988763       93   58.28%            7      29608
 1389889   990076       18   58.40%            7      29619
 1373029   989350      150   58.12%            7      29604
 1373096   990247       46   58.10%            7      29601
 1374380   988861       18   58.16%            7      29615
 1372833   989540       46   58.11%            7      29608
 1369312   989076       61   58.06%            7      29601
 1371967   990066       19   58.08%            7      29611
 1372222   989535       24   58.10%            7      29619
 1381201   988938       38   58.28%            7      29611
 1374941   990198       19   58.13%            7      29630
 1369052   989817       49   58.04%            7      29603
 1371811   987289      153   58.15%            7      29588
 1359045   990277       20   57.85%            7      29592
 1370511   989259       18   58.08%            7      29592
 1380770   989783       55   58.25%            7      29608
 1364581   989361       34   57.97%            7      29622
 1373744   989881       17   58.12%            7      29611
 1367152   988480       60   58.04%            7      29594
stop
