    HITS   MISSES  DIRTIES HITRATIO   BUFFERS_MB  CACHED_MB
 1811210  1066140       40   62.95%           13       4463
 1657914   990172       59   62.61%           14       8331
 1660937   990232       13   62.65%           14      12198
 1636403   990727       37   62.29%           14      16068
 1647394   989127      115   62.48%           15      19931
 1621337   990700       48   62.07%           15      23801
 1601446   990854       27   61.78%           15      27672
 1551665   989732       59   61.06%           15      29528
 1566414   989682       25   61.28%           15      29545
 1548889   990262       21   61.00%            5      29563
 1565686   989467       21   61.28%            5      29550
 1543196   990010       22   60.92%            5      29534
 1553081   988262       19   61.11%            5      29580
 1557149   987943       63   61.18%            5      29559
 1548002   989341        5   61.01%            5      29580
 1567933   989522       17   61.31%            5      29556
 1567953   989723      102   61.30%            5      29583
 1555269   989657       45   61.11%            5      29600
 1553573   989675       18   61.09%            4      29596
 1559909   987958       94   61.22%            4      29572
 1551835   989557       18   61.06%            4      29574
 1555232   989611       19   61.11%            4      29613
 1569293   989829       21   61.32%            4      29574
 1578524   989179       19   61.48%            4      29589
 1575348   990171       19   61.40%            4      29613
 1557179   988857       74   61.16%            4      29591
 1578297   990499        7   61.44%            4      29587
 1578457   989820       20   61.46%            4      29607
 1568872   990290       20   61.30%            4      29618
 1627515   989935       18   62.18%            4      29611
 1653299   989929       18   62.55%            4      29604
 1648378   989627       66   62.49%            4      29620
 1660025   990458        8   62.63%            4      29612
 1665725   990332       19   62.71%            4      29611
 1651659   989219       40   62.54%            4      29606
 1636490   989832       20   62.31%            4      29591
 1653892   990417       20   62.55%            4      29631
 1653521   989180       63   62.57%            4      29637
 1665024   990019      100   62.71%            4      29632
 1643801   990533       89   62.40%            4      29623
 1613713   989860       99   61.98%            7      29620
 1485793   991213       54   59.98%            7      29621
 1460555   991128       85   59.57%            7      29616
 1373591   989284       93   58.13%            7      29605
 1189386   989548       32   54.59%            7      29607
 1122453   985857       56   53.24%            7      29639
 1107161   982230       14   52.99%            7      29613
 1031672   983994       17   51.18%            7      29637
 1054797   978435       17   51.88%            7      29591
 1006288   981610       59   50.62%            7      29625
 1022078   987443       22   50.86%            7      29624
 1016316   981422      105   50.87%            6      29638
  920995   986660       38   48.28%            6      29640
  956855   985675       48   49.26%            6      29627
 1049821   985650       25   51.58%            6      29643
 1010395   983390       69   50.68%            6      29635
  925059   986448        8   48.39%            6      29637
  965481   985837       19   49.48%            6      29650
 1011131   983531       17   50.69%            5      29640
  920775   985354       17   48.31%            5      29607
  921599   986871       17   48.29%            5      29607
 1045689   982118       70   51.57%            5      29628
 1048912   980723        9   51.68%            5      29642
 1061559   983166       20   51.92%            5      29640
 1112552   989983       37   52.91%            5      29612
 1105851   990908       21   52.74%            5      29633
 1100733   990487       21   52.64%            5      29653
 1106481   989282       78   52.80%            5      29613
 1106957   990683       10   52.77%            5      29610
 1101065   990515       22   52.64%            5      29632
 1107151   990303       24   52.79%            5      29649
 1051838   989436       29   51.53%            5      29635
 1032120   989386       34   51.06%            5      29638
 1002567   988864      112   50.34%            5      29623
  999917   986773       47   50.33%            5      29656
 1022306   985275       55   50.92%            5      29629
 1043972   985904       17   51.43%            5      29646
 1042993   988604       18   51.34%            5      29618
 1001277   989955       18   50.28%            5      29633
  997332   987313       59   50.25%            5      29646
 1019715   985109       18   50.86%            5      29651
  933517   986591       19   48.62%            5      29626
  968015   984480       19   49.58%            5      29662
 1020585   983135       19   50.93%            5      29661
  940551   985618       57   48.83%            5      29626
 1041757   983668       60   51.43%            5      29649
  977445   986979      102   49.76%            5      29623
  936405   986375       70   48.70%            5      29644
  917351   985895        8   48.20%            5      29620
  981178   986243       18   49.87%            5      29620
 1035927   982104       18   51.33%            5      29644
 1016362   982622       66   50.84%            5      29644
  977068   983942        9   49.82%            5      29645
  955480   986515       21   49.20%            5      29626
  932137   985889       38   48.60%            5      29603
 1014786   988168       20   50.66%            5      29638
  918324   985742       27   48.23%            5      29647
  923495   986580       84   48.35%            5      29604
  988547   981242       91   50.19%            5      29640
  999047   982999       77   50.40%            5      29618
  917979   985178       30   48.23%            5      29645
  954067   986587       49   49.16%            5      29610
  985210   982698      164   50.06%            6      29597
  976853   985759      137   49.77%            6      29598
 1017156   986903       14   50.75%            6      29641
 1025378   983167       16   51.05%            6      29639
  969753   982930       29   49.66%            6      29624
  903220   984749      194   47.84%            5      29630
  916313   986366       36   48.16%            5      29604
  904511   983301       99   47.91%            5      29633
  932865   986509       15   48.60%            5      29637
  900409   987163       96   47.70%            5      29646
  926108   988404       50   48.37%            5      29618
 1004979   981115      116   50.60%            5      29651
  982560   984121       65   49.96%            5      29600
  955963   985711       57   49.23%            5      29636
 1035481   982597        8   51.31%            5      29629
  947590   984344       24   49.05%            5      29618
  951434   986230       38   49.10%            5      29643
  944950   980780      114   49.07%            5      29615
 1001266   984296       37   50.43%            5      29625
  998369   982233       80   50.41%            5      29632
  980482   986956        9   49.84%            5      29642
 1010993   989815       20   50.53%            5      29636
 1030289   987058       37   51.07%            5      29631
 1039531   980861       21   51.45%            5      29604
 1090416   989714       21   52.42%            5      29627
 1091411   989284       77   52.45%            5      29616
 1099638   990553       15   52.61%            5      29644
 1092227   990171      102   52.45%            5      29641
 1100575   990499       46   52.63%            5      29651
 1096559   990134       51   52.55%            5      29630
 1076328   990515       21   52.08%            5      29640
 1029427   988881       68   51.00%            5      29653
 1037117   989113       37   51.18%            5      29650
stop
