    HITS   MISSES  DIRTIES HITRATIO   BUFFERS_MB  CACHED_MB
 1683614  1044744       39   61.71%           14       4418
 1438381   988519       23   59.27%           14       8280
 1450910   991817       18   59.40%           14      12154
 1484457   987768      152   60.05%           17      16010
 1390949   991304       59   58.39%           17      19882
 1415957   991775       23   58.81%           17      23756
 1450833   991771       21   59.40%           17      27631
 1336404   991220       21   57.41%            7      29246
 1382250   990588       13   58.25%            7      29259
 1430277   984787       50   59.22%            7      29228
 1338280   991404       15   57.44%            7      29265
 1384967   991583       19   58.28%            7      29254
 1444857   991742       16   59.30%            7      29256
 1344268   988448       16   57.63%            7      29262
 1365291   991029       17   57.94%            7      29248
 1424708   988849       53   59.03%            7      29240
 1358844   988867       19   57.88%            7      29260
 1350265   989735       18   57.70%            7      29235
 1433259   990075       18   59.14%            7      29246
 1354022   991205       18   57.74%            7      29254
 1355305   991306       18   57.76%            7      29226
 1403983   985099       62   58.77%            7      29246
 1363561   991688       19   57.89%            7      29264
 1288835   991722       18   56.51%            7      29246
 1321620   991011       71   57.15%            8      29231
 1344643   989057       18   57.62%            8      29231
 1355283   991543       18   57.75%            8      29263
 1379736   985375      107   58.34%            8      29269
 1380587   989883       23   58.24%            8      29244
 1366317   989017       20   58.01%            8      29244
 1495159   987272       70   60.23%            8      29269
 1570472   991231       20   61.31%            8      29259
 1515063   985404       19   60.59%            8      29251
 1519824   988595       62   60.59%            8      29250
 1552388   986873       19   61.14%            8      29241
 1525186   984258       20   60.78%            8      29258
 1575064   991697       20   61.36%            8      29246
 1617173   991273       20   62.00%            8      29256
 1516875   991239       13   60.48%            8      29242
 1579773   988593       50   61.51%            8      29263
 1627872   990937       16   62.16%            8      29248
 1512393   987572       20   60.50%            8      29243
 1552102   990347       17   61.05%            8      29255
 1619108   991260       17   62.03%            8      29242
 1509668   990889       18   60.37%            8      29227
 1557668   985852       59   61.24%            8      29271
 1617937   991581       18   62.00%            8      29259
 1527518   989165       17   60.70%            8      29238
 1549595   988734       17   61.05%            8      29237
 1584093   990707       17   61.52%            8      29255
 1544877   991882       17   60.90%            8      29233
 1559538   987337       58   61.23%            8      29262
 1600739   991645       19   61.75%            8      29244
 1551613   990269       19   61.04%            8      29263
 1562885   986136       19   61.31%            8      29258
 1570585   991483       19   61.30%            8      29268
 1548094   991191       19   60.97%            8      29225
 1555387   987278       62   61.17%            8      29261
 1500972   989791       19   60.26%            8      29243
 1569725   991334       19   61.29%            8      29265
 1532856   989078       37   60.78%            8      29266
 1540673   981498       23   61.09%            8      29265
 1542533   991229       18   60.88%            8      29262
 1528612   987734       59   60.75%            9      29240
 1568287   989184       19   61.32%            9      29255
 1604607   991303       19   61.81%            9      29263
 1512422   991711       20   60.40%            9      29256
 1554238   991013       22   61.06%            9      29231
 1607729   991809       13   61.85%            9      29241
 1503747   988540       50   60.34%            9      29231
 1549691   991229       15   60.99%            9      29227
 1621836   991757       19   62.05%            9      29258
 1505878   989404       16   60.35%            9      29260
 1540675   990990       16   60.86%            9      29246
 1625516   990300       16   62.14%            9      29235
 1520623   984194       55   60.71%            9      29245
 1544247   990580       19   60.92%            9      29259
 1532779   991215       18   60.73%            9      29244
 1542655   991652      134   60.87%           10      29245
 1540526   988127       38   60.92%           10      29271
 1590573   989721       18   61.64%           10      29229
 1524921   985880       60   60.73%           10      29245
 1520102   991503       18   60.52%           10      29234
 1562142   990899       18   61.19%           10      29263
 1534900   991618       18   60.75%           10      29236
 1518137   989851       18   60.53%           10      29247
 1547969   991618       18   60.95%           10      29235
 1536315   988813       56   60.84%           10      29263
 1507786   991601       21   60.33%           10      29266
 1546051   990285       20   60.96%           10      29270
 1549584   988349       36   61.06%           10      29239
 1507748   983433       19   60.52%           10      29261
 1544061   987460       20   60.99%           10      29254
 1576332   986490       63   61.51%           10      29245
 1503427   991306       19   60.26%           10      29232
 1538102   989440      112   60.85%           10      29261
 1575494   990852       63   61.39%           10      29233
 1489018   982351       22   60.25%           10      29257
 1522230   989919       13   60.59%           10      29231
 1528690   989546       46   60.70%           10      29249
 1495551   991356       16   60.14%           10      29229
 1517333   991733       19   60.47%           10      29238
 1576528   990585       17   61.41%           10      29252
 1515887   991750       17   60.45%           10      29263
 1524347   990560       18   60.61%           10      29218
 1579124   988757       60   61.50%           10      29253
 1534045   989288       17   60.79%           10      29225
 1512843   990976       17   60.42%           10      29255
 1549100   991242       19   60.98%           10      29235
 1543948   989979       17   60.93%           10      29231
 1537115   990955       17   60.80%           10      29267
 1564101   988410       58   61.28%           10      29263
 1563760   987685       19   61.29%           10      29258
 1542224   989532       18   60.92%           10      29262
 1567713   990251       19   61.29%           10      29230
 1544344   991022       19   60.91%           10      29237
 1538133   991183       19   60.81%           10      29246
 1557359   988062       61   61.18%           10      29241
 1564069   990576       19   61.22%           10      29249
 1518626   988356       19   60.58%           10      29252
 1555161   988832       34   61.13%           10      29245
 1547859   990161       23   60.99%           10      29248
 1518457   989434       18   60.55%           10      29228
 1548322   988673       58   61.03%           10      29234
 1593229   991496       21   61.64%           10      29264
 1489450   991338       20   60.04%           10      29238
 1513817   990636       84   60.45%           10      29244
 1478067   990447       58   59.88%           10      29228
 1496552   991357       35   60.15%           10      29259
 1554621   989376       50   61.11%           10      29253
 1564416   990362       43   61.23%           10      29229
 1477020   990595       26   59.86%           10      29264
 1531192   988480       16   60.77%           10      29262
 1539896   987748       16   60.92%           10      29228
 1511793   991789       17   60.39%           10      29239
stop
