    HITS   MISSES  DIRTIES HITRATIO   BUFFERS_MB  CACHED_MB
 1792615  1048854       86   63.09%           14       4389
 1703971   988536      105   63.29%           14       8250
 1672550   990320       21   62.81%           14      12119
 1681691   987492       60   63.00%           14      15976
 1667326   989511       60   62.76%           14      19841
 1645022   990714       21   62.41%           14      23711
 1653225   990768       26   62.53%           14      27581
 1656203   990126       22   62.58%           14      29352
 1640166   990325       13   62.35%           14      29360
 1638942   987674       54   62.40%           14      29370
 1632846   990178       27   62.25%           14      29381
 1612146   988297      134   62.00%            5      29367
 1618935   989953       16   62.05%            5      29357
 1626958   989115       47   62.19%            5      29377
 1637792   988303       27   62.37%            5      29367
 1616038   985023      161   62.13%            5      29366
 1642874   980481        6   62.62%            5      29359
 1602836   988841       18   61.85%            5      29364
 1625876   985945       53   62.25%            5      29375
 1629020   988707       43   62.23%            5      29370
 1601518   988726       19   61.83%            5      29378
 1624428   986051       92   62.23%            5      29398
 1600857   989468       99   61.80%            5      29381
 1605159   989683       36   61.86%            5      29402
 1634408   990463       20   62.27%            5      29404
 1607588   990373       20   61.88%            5      29388
 1625931   988897       56   62.18%            5      29394
 1634051   986461       57   62.36%            5      29383
 1628821   988731       30   62.23%            5      29379
 1708829   990118        8   63.31%            5      29407
 1723145   988823       36   63.54%            5      29391
 1701486   990308       21   63.21%            5      29389
 1713332   989325       21   63.39%            5      29392
 1717653   987691       61   63.49%            5      29405
 1708415   989967       21   63.31%            5      29404
 1695484   990279       20   63.13%            5      29409
 1721540   989575       22   63.50%            5      29391
 1726603   990380       22   63.55%            5      29404
 1699507   990138       13   63.19%            5      29412
 1739988   987170       48   63.80%            5      29392
 1705505   990319       15   63.26%            5      29407
 1699729   989220       21   63.21%            5      29396
 1715264   990229       17   63.40%            5      29387
 1718980   990305       17   63.45%            5      29408
 1717018   988815       18   63.46%            5      29407
 1720120   985896       65   63.57%            5      29391
 1720998   988883       39   63.51%            5      29409
 1709080   990003       18   63.32%            5      29404
 1714657   990328       18   63.39%            5      29398
 1716592   988391       57   63.46%            5      29408
 1704088   989451       79   63.27%            5      29402
 1719081   988065       79   63.50%            5      29422
 1714301   990187       19   63.39%            5      29403
 1698444   988813       48   63.20%            5      29400
 1720445   990055       31   63.47%            5      29398
 1727003   990503       20   63.55%            5      29417
 1685787   990377       20   62.99%            5      29402
 1726476   987250       57   63.62%            5      29420
 1695418   989609       18   63.14%            5      29400
 1711400   990564       18   63.34%            5      29418
 1718042   988457      129   63.48%            5      29411
 1711389   990490       19   63.34%            5      29407
 1688200   990427       21   63.02%            5      29399
 1732519   986332       97   63.72%            6      29397
 1699630   989919       21   63.19%            6      29413
 1721523   990470       21   63.48%            6      29423
 1710540   989958       21   63.34%            6      29426
 1724450   989372       25   63.54%            6      29407
 1713456   990401       13   63.37%            6      29386
 1691584   988090       63   63.13%            6      29401
 1702779   988458      119   63.27%            6      29421
 1711161   989998       21   63.35%            6      29422
 1705682   988179       47   63.32%            6      29403
 1685380   990316       24   62.99%            6      29414
 1678953   989958       80   62.91%            6      29403
 1695600   985739       81   63.24%            6      29404
 1696702   990491       18   63.14%            6      29419
 1702369   989427       84   63.24%            6      29419
 1665221   990099       62   62.71%            6      29414
 1681431   989909      167   62.94%            6      29412
 1678606   989113       50   62.92%            6      29420
 1715454   988012       69   63.45%            6      29401
 1698479   989856       19   63.18%            6      29404
 1681256   990003      114   62.94%            6      29428
 1695153   990451       37   63.12%            6      29418
 1708268   988711       20   63.34%            6      29423
 1695029   987820       55   63.18%            6      29367
 1699732   987453       55   63.25%            6      29420
 1693112   990530       18   63.09%            6      29398
 1705502   989753       18   63.28%            6      29401
 1709777   989302       36   63.35%            6      29412
 1692491   990449       21   63.08%            6      29422
 1702888   989712       21   63.24%            6      29426
 1700888   987826       62   63.26%            6      29403
 1698031   989783       20   63.18%            6      29420
 1679943   990458       21   62.91%            6      29425
 1707902   988880       20   63.33%            6      29414
 1689807   989299       22   63.07%            6      29418
 1707833   990605       13   63.29%            6      29426
 1705707   988025       52   63.32%            6      29399
 1701919   990439       15   63.21%            6      29405
 1700570   990458       23   63.19%            6      29416
 1707829   990468       17   63.29%            6      29396
 1713582   988610       17   63.41%            6      29418
 1710609   990412       18   63.33%            6      29422
 1721717   987547       58   63.55%            6      29399
 1703368   990384       17   63.23%            6      29401
 1703432   990438       17   63.23%            6      29422
 1724516   990146       18   63.53%            6      29427
 1722188   990207       19   63.49%            6      29421
 1710110   989318       19   63.35%            6      29419
 1725003   988533       58   63.57%            6      29395
 1703813   990097       19   63.25%            6      29398
 1680754   990384       19   62.92%            6      29422
 1723931   989356       23   63.54%            6      29407
 1709615   990177       39   63.32%            6      29400
 1703455   990104       20   63.24%            6      29400
 1726631   986876       99   63.63%            6      29413
 1705925   990132       18   63.27%            6      29425
 1677902   988526      108   62.93%            6      29408
 1717057   988458       28   63.47%            7      29407
 1698633   989880       19   63.18%            7      29426
 1712731   989376       51   63.39%            7      29395
 1728998   987527       68   63.65%            7      29413
 1694034   990545       20   63.10%            7      29394
 1718002   990640       20   63.43%            7      29410
 1699295   990079       21   63.19%            7      29418
 1705017   990053       63   63.26%            7      29413
 1673090   990140       70   62.82%            7      29421
 1713954   987958       83   63.43%            7      29418
 1706546   988266       64   63.33%            7      29420
 1718273   989723        9   63.45%            7      29424
 1721554   989719       16   63.50%            7      29411
 1707928   989767       18   63.31%            7      29415
 1706451   990401       18   63.28%            7      29424
stop
