    HITS   MISSES  DIRTIES HITRATIO   BUFFERS_MB  CACHED_MB
 1768564  1043395       76   62.89%           13       4395
 1672032   990882        7   62.79%           13       8266
 1651714   990590       29   62.51%           14      12135
 1641368   990270       44   62.37%           14      16003
 1606396   989713       87   61.88%           14      19869
 1552737   989717      139   61.07%           14      23734
 1497857   988979       88   60.23%           14      27598
 1381971   989907        9   58.26%            4      29621
 1363028   989711       57   57.93%            4      29621
 1349148   989944       17   57.68%            4      29611
 1331833   989679       35   57.37%            4      29591
 1347143   990075       17   57.64%            4      29608
 1341214   988740       60   57.56%            4      29628
 1332281   988911       10   57.40%            4      29606
 1350561   989718       20   57.71%            4      29607
 1349313   987942       20   57.73%            4      29603
 1336441   990183       20   57.44%            4      29599
 1352515   990175       21   57.73%            4      29610
 1333913   989523       82   57.41%            4      29604
 1338417   989737        5   57.49%            4      29620
 1334709   990182       14   57.41%            4      29616
 1330194   989212       58   57.35%            4      29616
 1336788   989666       19   57.46%            4      29611
 1332444   989529       16   57.38%            4      29626
 1330583   989384       66   57.35%            4      29591
 1337945   988896       29   57.50%            4      29603
 1318726   989105      184   57.14%            4      29618
 1336377   989971      139   57.45%            7      29609
 1321748   989466       56   57.19%            7      29603
 1316623   990283       17   57.07%            7      29593
 1355776   989400       70   57.81%            7      29615
 1399357   990126        7   58.56%            7      29597
 1411958   989596       18   58.79%            7      29605
 1413388   989960       18   58.81%            7      29617
 1397957   989772       18   58.55%            7      29596
 1403697   989497       18   58.65%            7      29596
 1411083   989580       64   58.78%            7      29627
 1401782   990042        9   58.61%            8      29594
 1401995   989703       19   58.62%            8      29618
 1409980   989878       17   58.75%            8      29627
 1398360   989352       34   58.56%            8      29613
 1398153   990358       68   58.54%            8      29596
 1400720   989737      137   58.60%            8      29583
 1396112   990115       88   58.51%            8      29587
 1399253   989140       72   58.59%            8      29615
 1407413   989912        9   58.71%            8      29618
 1398725   989702       21   58.56%            8      29590
 1385378   990150       21   58.32%            8      29609
 1401102   989074       57   58.62%            8      29622
 1403217   989052        7   58.66%            8      29607
 1401734   990160       15   58.60%            8      29611
 1393121   990257       20   58.45%            8      29629
 1409812   989927       17   58.75%            8      29596
 1403146   989103       17   58.65%            8      29617
 1394997   989149       67   58.51%            8      29587
 1398546   990237        7   58.55%            8      29627
 1387403   989938       18   58.36%            8      29594
 1397708   990215       18   58.53%            8      29598
 1406879   989192       18   58.72%            8      29612
 1400224   990373       18   58.57%            8      29587
 1419530   989353       67   58.93%            8      29598
 1414496   989624        7   58.84%            8      29596
 1401722   989850       19   58.61%            8      29606
 1405104   990158       19   58.66%            8      29581
 1404531   990439       19   58.65%            8      29600
 1407848   990067       19   58.71%            8      29589
 1409843   988801       67   58.78%            8      29623
 1408187   990155        8   58.72%            8      29590
 1396749   989476       44   58.53%            8      29598
 1396609   989796       21   58.52%            8      29593
 1392224   989667      122   58.45%            8      29595
 1398729   989492       53   58.57%            8      29581
 1399308   989393       61   58.58%            8      29626
 1401622   989948        9   58.61%            8      29592
 1394532   990113       17   58.48%            8      29581
 1389739   990209       18   58.39%            8      29620
 1398685   989807       20   58.56%            8      29601
 1389172   990217       21   58.38%            8      29613
 1381931   989074       60   58.28%            8      29605
 1407647   989041        6   58.73%            8      29611
 1381491   990130       14   58.25%            8      29595
 1376171   989626       75   58.17%            8      29577
 1387907   989814      168   58.37%            8      29588
 1373236   989859       39   58.11%            8      29605
 1390426   988311       97   58.45%            8      29595
 1382980   989931        7   58.28%            8      29612
 1386635   990379       17   58.34%            8      29610
 1392168   990281       17   58.43%            8      29599
 1384990   988702       17   58.35%            8      29590
 1378203   989665       17   58.20%            8      29606
 1378327   989484       65   58.21%            8      29593
 1376233   990015        7   58.16%            8      29580
 1385278   989375       52   58.34%            8      29595
 1371624   990211        7   58.07%            8      29613
 1369171   988872       77   58.06%            8      29604
 1381154   988828       90   58.28%            9      29596
 1369062   989114       76   58.06%            9      29603
 1383474   989737        9   58.30%            9      29620
 1364582   989049       85   57.98%            9      29590
 1364556   989872      106   57.96%            9      29614
 1369239   989837       25   58.04%            9      29601
 1373444   989369       18   58.13%            9      29609
 1369545   988186      107   58.09%            9      29599
 1352555   990323       75   57.73%            9      29609
 1369998   990037       41   58.05%            9      29576
 1375446   989551       21   58.16%            9      29606
 1367917   990431       21   58.00%            9      29604
 1379437   989829       66   58.22%            9      29598
 1361761   989331       89   57.92%            9      29606
 1371026   987389        6   58.13%            9      29606
 1358200   989739      189   57.85%            9      29593
 1373607   989116       49   58.14%            9      29607
 1363421   990337       15   57.93%            9      29604
 1377613   990134       32   58.18%            9      29573
 1365249   988829       54   58.00%            9      29621
 1368496   990088        7   58.02%            9      29617
 1378044   989741       18   58.20%            9      29597
 1377624   990092       18   58.18%            9      29601
 1366528   990283       18   57.98%            9      29610
 1377160   989520       18   58.19%            9      29606
 1353403   988709       68   57.79%            9      29611
 1354482   990158       31   57.77%            9      29607
 1347861   990270       18   57.65%            9      29596
 1345929   989559       79   57.63%            9      29598
 1349481   988759      113   57.71%            9      29574
 1345654   985438      702   57.73%            9      29583
 1281873   988716       91   56.46%            9      29595
 1277732   989508      171   56.36%            9      29560
 1277399   988479      847   56.38%           10      29591
 1282596   988886      537   56.47%           10      29575
 1302756   989579       57   56.83%           10      29583
 1307690   989939       55   56.91%           10      29580
 1303462   989369      105   56.85%           10      29565
 1306377   988814      100   56.92%           10      29582
 1303272   990341       21   56.82%           10      29589
stop
