    HITS   MISSES  DIRTIES HITRATIO   BUFFERS_MB  CACHED_MB
 1573395  1044132       68   60.11%           14       4378
 1395082   987143       20   58.56%           14       8235
 1422587   988102       90   59.01%           15      12093
 1409631   990948      143   58.72%           18      15961
 1398813   990521       60   58.54%           18      19830
 1428635   989784       61   59.07%           18      23696
 1403741   989422       61   58.66%           18      27562
 1371707   989107       19   58.10%           18      29235
 1396884   991128       17   58.50%           18      29213
 1318018   988227       63   57.15%           18      29226
 1380294   981959       64   58.43%           18      29228
 1373523   989338       37   58.13%            7      29253
 1395329   988600      100   58.53%            7      29227
 1359251   991054       21   57.83%            7      29249
 1377752   988542       25   58.22%            7      29264
 1346649   989204       21   57.65%            7      29238
 1343089   986329       21   57.66%            7      29270
 1357883   989489       22   57.85%            7      29249
 1374300   986736      139   58.21%            8      29263
 1339295   989523       11   57.51%            8      29257
 1364972   989983       15   57.96%            8      29274
 1404870   990049       56   58.66%            8      29253
 1356859   990623       17   57.80%            8      29256
 1360940   989191       17   57.91%            8      29262
 1394486   988616       56   58.52%            8      29274
 1356610   990148       24   57.81%            8      29278
 1356928   989894       44   57.82%            8      29264
 1326229   986175       64   57.35%            8      29282
 1340649   988798       90   57.55%            8      29288
 1348406   991371       19   57.63%            8      29277
 1560433   971191     1029   61.64%            9      29250
 1488376   991147       19   60.03%            9      29248
 1486511   990610       19   60.01%            9      29260
 1532915   990363       18   60.75%            9      29280
 1510139   991133       19   60.37%            9      29277
 1503763   990780       20   60.28%            9      29274
 1528746   989106       57   60.72%            9      29280
 1535667   989764       21   60.81%            9      29261
 1509313   989292       19   60.41%            9      29285
 1520457   991607       20   60.53%            9      29273
 1542573   991578       21   60.87%            9      29257
 1497208   989481       36   60.21%            9      29284
 1545098   987482       61   61.01%            9      29265
 1545470   991179       21   60.93%            9      29264
 1504172   991151       21   60.28%            9      29288
 1536555   988068       21   60.86%            9      29276
 1553007   991538       22   61.03%            9      29292
 1505503   990829       59   60.31%            9      29293
 1513897   989212       47   60.48%            9      29261
 1551533   991112       17   61.02%            9      29268
 1505105   990056       53   60.32%            9      29270
 1512853   988650       15   60.48%            9      29277
 1499787   990631      108   60.22%            9      29276
 1495599   989973       15   60.17%            9      29283
 1515050   985635       61   60.59%            9      29285
 1549808   990603       56   61.01%            9      29278
 1504275   991794       18   60.27%            9      29271
 1493023   991795       18   60.09%            9      29266
 1547526   991362       17   60.95%            9      29291
 1519503   991119       19   60.52%            9      29277
 1524194   986562       59   60.71%            9      29272
 1566365   991433       18   61.24%            9      29273
 1549692   988815       17   61.05%            9      29279
 1542529   990802       16   60.89%            9      29274
 1563067   989472       17   61.24%            9      29299
 1538914   991595       22   60.81%            9      29274
 1539094   989351       78   60.87%            9      29272
 1544366   991405       20   60.90%            9      29279
 1563699   989402       54   61.25%            9      29283
 1533049   991415       46   60.73%            9      29294
 1499007   989842       24   60.23%            9      29289
 1500098   987873      202   60.29%            9      29283
 1527012   985998       99   60.76%            9      29292
 1539369   991226       24   60.83%            9      29292
 1556195   991421       18   61.08%            9      29283
 1508338   991451       19   60.34%            9      29292
 1546090   991863       19   60.92%            9      29286
 1526305   991745       56   60.61%            9      29278
 1511991   987063       53   60.50%            9      29267
 1522642   991876       11   60.55%            9      29294
 1515879   989862      127   60.50%            9      29271
 1514581   991197       17   60.44%            9      29273
 1537809   991188       17   60.81%            9      29277
 1595236   988056       54   61.75%            9      29289
 1521968   988361       58   60.63%            9      29267
 1529328   991840       16   60.66%            9      29270
 1530944   992013       16   60.68%            9      29295
 1517229   991129       53   60.49%            9      29283
 1520931   988845       16   60.60%           10      29282
 1470785   991682      193   59.73%           11      29266
 1505075   985899      123   60.42%           10      29266
 1477175   991701       19   59.83%           10      29267
 1477956   990931       68   59.86%           10      29295
 1497770   987922       39   60.26%           10      29295
 1507846   989375       18   60.38%           10      29268
 1515873   989983       48   60.49%           10      29271
 1516734   988682       66   60.54%           10      29288
 1473588   991849       19   59.77%           10      29297
 1510106   991797       18   60.36%           10      29287
 1491321   991145       23   60.07%           10      29292
 1471882   991848       35   59.74%           10      29287
 1523457   990300       36   60.60%           10      29292
 1521917   988714       64   60.62%           11      29274
 1484288   990244       59   59.98%           11      29269
 1518454   991333       20   60.50%           11      29294
 1539748   991785       20   60.82%           11      29263
 1480583   990964       21   59.91%           11      29290
 1522003   991092       31   60.56%           11      29294
 1558312   989323       49   61.17%           11      29275
 1488473   988528       11   60.09%           11      29272
 1504481   990510       15   60.30%           11      29295
 1529102   991020       91   60.68%           11      29295
 1465207   991027       41   59.65%           11      29282
 1500988   991463       16   60.22%           11      29290
 1448039   986852      162   59.47%           11      29267
 1488160   991709       42   60.01%           11      29272
 1503008   989486       17   60.30%           11      29290
 1537247   990185       45   60.82%           11      29264
 1494206   991673       32   60.11%           11      29294
 1488838   987143       39   60.13%           11      29276
 1476395   987429      130   59.92%           11      29288
 1530988   990174       49   60.73%           11      29269
 1527040   987595       27   60.73%           11      29284
 1558681   990617       18   61.14%           11      29268
 1547327   991103       18   60.96%           11      29273
 1536657   991870       19   60.77%           11      29281
 1530534   986231       88   60.81%           11      29288
 1494695   990086       84   60.15%           11      29274
 1524293   989631       52   60.63%           11      29273
 1560280   990161       48   61.18%           11      29268
 1553908   991581       29   61.05%           11      29269
 1514001   989395       35   60.48%           11      29290
 1558511   991208       58   61.12%           11      29289
 1549874   991533       24   60.98%           11      29275
 1513421   991743       45   60.41%           11      29289
stop
