    HITS   MISSES  DIRTIES HITRATIO   BUFFERS_MB  CACHED_MB
 1479925  1040089       42   58.73%           14       4365
 1322704   989252       63   57.21%           14       8230
 1288159   991058       58   56.52%           17      12098
 1216760   989079       36   55.16%           17      15961
 1016045   990492       21   50.64%           17      19830
  216143   855880       19   20.16%           17      23173
  423014   365622       17   53.64%           17      24602
  522330   206125       58   71.70%           17      25407
  635355   142106       54   81.72%           17      25961
  740763   106257       21   87.46%           17      26377
  772399    84628       18   90.13%           17      26708
  708630    70656        9   90.93%           17      26983
  843798    60291       15   93.33%           17      27218
  779709    51978       61   93.75%           17      27423
  785331    45705       17   94.50%           17      27601
  908881    40380       15   95.75%           17      27757
  770763    36957       16   95.42%           17      27903
  761619    33493       16   95.79%           17      28032
  913768    30336       17   96.79%           17      28151
  872738    28515       54   96.84%           17      28262
  859965    26210       19   97.04%           17      28366
  913189    24267       18   97.41%           17      28460
  894921    22987       18   97.50%           17      28551
  806311    21399       18   97.41%           17      28634
  887228    20144       18   97.78%           17      28713
  956978    19090       62   98.04%           17      28787
  853070    18103       19   97.92%           17      28858
  882149    17251       18   98.08%           18      28926
  841314    16352       18   98.09%           18      28987
 1004651    15588       20   98.47%           18      29049
  878527    14777       18   98.35%           18      29106
  785290    14366       57   98.20%           18      29162
  801212    13591       20   98.33%           18      29215
  845406    13107       37   98.47%           18      29267
  927507    12687       18   98.65%           18      29316
  790870    11987       18   98.51%           18      29362
  870779    46222       18   94.96%            7      29354
  738241   126117       59   85.41%            7      29393
  606188   209397       17   74.33%            7      29402
  644861   278366       17   69.85%            7      29378
  383628   332388       18   53.58%            7      29365
  514639   387179        9   57.07%            7      29380
  526263   434354       14   54.78%            7      29372
  443544   482872       52   47.88%            7      29388
  417495   480371       22   46.50%            7      29388
  499682   477773       17   51.12%            7      29377
  509552   455906       17   52.78%            7      29382
  411804   425888       18   49.16%            7      29370
  538863   361488       18   59.85%            7      29379
  537142   297809       57   64.33%            7      29381
  793683   237713       18   76.95%            7      29401
  726570   196836       19   78.68%            7      29362
  820158   168207       16   82.98%            8      29362
  794502   144583       18   84.60%            8      29372
  754732   129604       17   85.34%            8      29373
  719573   113513       55   86.37%            8      29362
  857744   103223       19   89.26%            8      29361
  823105    93350       19   89.81%            8      29372
  726603    86890       19   89.32%            8      29357
  885817    79652       19   91.75%            8      29366
  795745    73276       19   91.57%            8      29400
  848036    68696       58   92.51%            8      29365
  832262    63943       18   92.87%            8      29362
  884353    60721       34   93.58%            8      29347
  793152    57071       21   93.29%            8      29368
  858956    53256       17   94.16%            8      29374
  872300    50991       17   94.48%            8      29371
  748602    47992       56   93.98%            8      29357
  954291    45592       22   95.44%            8      29383
  833883    43661       20   95.02%            8      29351
  921986    41541       19   95.69%            8      29362
  919954    39675        9   95.87%            8      29387
  721960    38342       15   94.96%            8      29385
  853256    36369       60   95.91%            8      29376
  794308    38541       17   95.37%            8      29375
  677181   119896       16   84.96%            8      29388
  692577   239605       16   74.30%            8      29365
  554010   329592       15   62.70%            8      29390
  583767   389513       17   59.98%            8      29369
  448862   453260       52   49.76%            8      29385
  534534   469003       19   53.27%            8      29383
  264301   494433       18   34.83%            8      29379
  449629   503123       18   47.19%            8      29388
  530366   483233       18   52.33%            8      29369
  501527   458191       19   52.26%            8      29368
  518106   393900       61   56.81%            8      29377
  589923   329986       18   64.13%            8      29401
  622192   274938       18   69.35%            8      29364
  594470   222507       18   72.76%            8      29375
  792164   184485       18   81.11%            8      29388
  730604   156076       18   82.40%            8      29392
  762388   136895       55   84.78%            8      29372
  759811   120627       19   86.30%            8      29389
  697909   107209       38   86.68%            8      29403
  721901    99470       18   87.89%            8      29387
  813722    88347       18   90.21%            8      29379
  749933    82487       18   90.09%            8      29398
  777005    75867       60   91.10%            8      29392
  794565    71434       20   91.75%            8      29367
  808383    65935       20   92.46%            8      29373
  786921    62194       18   92.68%            8      29362
  815905    57989        9   93.36%            8      29387
  823632    54762       14   93.77%            8      29349
  889513    52581       57   94.42%            8      29352
  855271    50278       18   94.45%            8      29397
  853390    47934       17   94.68%            8      29382
  817890    45169       17   94.77%            8      29357
  857782    43368       17   95.19%            8      29375
  827827    41521       18   95.22%            8      29385
  891947    39314       57   95.78%            9      29388
  815888    38104       18   95.54%            9      29385
  842490    74181      134   91.91%           10      29367
  848550   152390       19   84.78%           10      29356
  769601   229983       17   76.99%           10      29397
  645171   290913       18   68.92%           10      29372
  599611   352561       58   62.97%           10      29386
  524002   400739       19   56.66%           10      29376
  470662   412986       19   53.26%           10      29380
  484110   455651       19   51.51%           10      29368
  572732   463098       23   55.29%           10      29387
  417606   464857       19   47.32%           10      29383
  459896   437986       59   51.22%           10      29375
  509392   407405       18   55.56%           10      29367
  497123   358589       34   58.09%           10      29405
  650037   306610       17   67.95%           10      29390
  589561   255004       17   69.81%           10      29376
  656121   207644       17   75.96%           10      29379
  699740   174824       55   80.01%           10      29355
  914861   150715       21   85.86%           10      29389
  781172   134130       21   85.35%           10      29357
  794694   118197       18   87.05%           10      29364
  922964   106136        9   89.69%           10      29374
  876828    97376       15   90.00%           10      29356
  807298    89503       58   90.02%           10      29397
  857469    81452       17   91.32%           10      29362
stop
