    HITS   MISSES  DIRTIES HITRATIO   BUFFERS_MB  CACHED_MB
 1775235  1037953       97   63.10%           14       4368
 1661170   990269       28   62.65%           14       8236
 1662049   990230       22   62.66%           14      12104
 1626152   990114       13   62.16%           14      15972
 1634489   990167       10   62.27%           14      19840
 1601348   990310       15   61.79%           14      23708
 1589353   987988       62   61.67%           14      27566
 1565147   989474       18   61.27%            4      29515
 1574868   990395       17   61.39%            4      29499
 1556713   990014       18   61.13%            4      29502
 1562301   990223       18   61.21%            4      29505
 1577561   990372       18   61.43%            4      29517
 1574554   986727       56   61.48%            4      29479
 1568178   988760       21   61.33%            4      29505
 1578563   989680       18   61.46%            4      29507
 1572335   990293       18   61.36%            4      29490
 1574573   990297       19   61.39%            4      29494
 1580001   990338       19   61.47%            4      29499
 1597418   987711       61   61.79%            4      29493
 1588758   990139       20   61.61%            4      29481
 1551012   988651       19   61.07%            4      29479
 1587831   990434       19   61.59%            4      29505
 1586578   989988       19   61.58%            4      29494
 1576870   988919       19   61.46%            4      29492
 1582130   987889       58   61.56%            4      29516
 1573727   988928       65   61.41%            4      29523
 1555270   989671       26   61.11%            5      29501
 1567020   989126      182   61.30%            5      29486
 1572787   989026       73   61.39%            5      29507
 1630971   990310       25   62.22%            5      29482
 1670301   986267       61   62.87%            5      29478
 1671873   989909       76   62.81%            8      29471
 1657469   990322       23   62.60%            8      29481
 1670621   989943       13   62.79%            8      29507
 1673028   990032       10   62.82%            8      29480
 1679427   989832       16   62.92%            8      29469
 1681424   987761       59   62.99%            8      29505
 1649685   990106       17   62.49%            8      29495
 1668517   989622       16   62.77%            8      29489
 1683940   989516       17   62.99%            8      29512
 1668993   989057      109   62.79%            8      29489
 1663498   989682       42   62.70%            8      29519
 1676546   987752       57   62.93%            8      29500
 1662718   988240       57   62.72%            8      29503
 1670257   990340       17   62.78%            8      29472
 1666772   990271       17   62.73%            8      29503
 1670916   989943       18   62.80%            8      29486
 1667043   989645       18   62.75%            8      29494
 1655963   987718       59   62.64%            8      29510
 1668203   989878       18   62.76%            8      29505
 1666703   989627       18   62.74%            8      29499
 1688892   990365       18   63.04%            8      29489
 1667559   990158       18   62.74%            8      29485
 1675700   989950       19   62.86%            8      29495
 1672432   987483       63   62.88%            8      29517
 1673577   989079       35   62.85%            8      29509
 1671253   990127       23   62.80%            8      29498
 1672532   990556       43   62.80%            8      29503
 1646975   989499      187   62.47%            8      29504
 1662116   988312       72   62.71%            8      29501
 1670573   987751       67   62.84%            8      29480
 1673359   989356       23   62.84%            8      29474
 1675839   988836       21   62.89%            8      29487
 1672638   990035       13   62.82%            8      29482
 1692010   989368       10   63.10%            8      29512
 1658463   990066       15   62.62%            8      29478
 1681775   987860       61   63.00%            8      29502
 1682950   989115       18   62.98%            8      29501
 1661193   989926       17   62.66%            8      29490
 1687547   989955       17   63.03%            8      29515
 1686716   990167       18   63.01%            8      29488
 1663765   990268       18   62.69%            8      29494
 1672434   987603       58   62.87%            8      29509
 1664985   989875       19   62.71%            8      29481
 1670251   989564       18   62.80%            8      29505
 1675222   989648       18   62.86%            8      29470
 1675301   990316       19   62.85%            8      29496
 1671544   990186       19   62.80%            8      29472
 1683690   987449       61   63.03%            9      29515
 1666666   989841       19   62.74%            9      29481
 1678088   990244       19   62.89%            9      29476
 1675178   989132       19   62.87%            9      29477
 1672399   990546       19   62.80%            9      29504
 1675117   989525       19   62.86%            9      29512
 1678327   988232       58   62.94%            9      29500
 1672868   988947       38   62.85%            9      29493
 1680748   989940       17   62.93%            9      29510
 1690569   990262       17   63.06%            9      29477
 1681575   989100       17   62.96%            9      29499
 1680452   990028       17   62.93%            9      29495
 1667745   985959       60   62.85%            9      29503
 1663269   990130       19   62.68%            9      29477
 1674029   990191       21   62.83%            9      29504
 1674620   989491       13   62.86%            9      29501
 1660519   989612       46   62.66%           10      29483
 1668649   990410        5   62.75%           10      29488
 1680167   987451       58   62.98%           10      29481
 1680644   988800       17   62.96%           10      29494
 1683524   990352       16   62.96%           10      29483
 1673260   990181       17   62.82%           10      29465
 1677335   990155       17   62.88%           10      29498
 1672537   990264       17   62.81%           10      29473
 1680975   987732       60   62.99%           10      29488
 1673675   989679      115   62.84%           10      29483
 1652632   989604       45   62.55%           10      29486
 1666635   989382       85   62.75%           10      29499
 1662114   988446       72   62.71%           10      29496
 1660647   990115       18   62.65%           10      29498
 1679546   987401       86   62.98%           10      29470
 1666990   989621       72   62.75%           10      29494
 1647054   989641       25   62.47%           10      29509
 1679020   987929      160   62.96%           10      29491
 1670766   990732        7   62.78%           10      29489
 1660435   990213       19   62.64%           10      29485
 1673629   986763       70   62.91%           10      29512
 1662067   987337      153   62.73%           10      29496
 1662074   989013      117   62.69%           10      29473
 1668827   989726       41   62.77%           10      29498
 1647867   989790       26   62.47%           10      29508
 1665146   990347       18   62.71%           10      29503
 1669005   988133      181   62.81%           11      29463
 1643831   990371       59   62.40%           11      29489
 1622136   990397       28   62.09%           11      29466
 1624901   990064       37   62.14%           11      29513
 1641677   990653       10   62.37%           11      29482
 1624957   988459      144   62.18%           11      29478
 1604006   987840       89   61.89%           11      29480
 1615830   988131       18   62.05%           11      29494
 1631082   986343      142   62.32%           11      29508
 1634475   989882       15   62.28%           11      29503
 1636036   989424       18   62.31%           11      29489
 1636916   990066       18   62.31%           11      29493
 1630363   986382       58   62.31%           11      29467
 1631744   990507       18   62.23%           11      29472
 1626779   989834       18   62.17%           11      29467
stop
