    HITS   MISSES  DIRTIES HITRATIO   BUFFERS_MB  CACHED_MB
 1657203  1036757       47   61.52%           14       4370
 1449250   988465       16   59.45%           14       8231
 1484506   984552       61   60.12%           14      12077
 1450881   984375       18   59.58%           14      15921
 1437134   990566       18   59.20%           14      19791
 1456219   988550       18   59.56%           14      23653
 1412377   988165       18   58.84%           14      27513
 1398673   989413       17   58.57%            4      29339
 1405330   986398       69   58.76%            4      29336
 1391732   990053        7   58.43%            4      29317
 1354202   989755       18   57.77%            4      29342
 1374505   988841       17   58.16%            4      29298
 1397163   990417       17   58.52%            4      29317
 1373352   991099       18   58.08%            4      29326
 1383070   987643       60   58.34%            4      29348
 1386104   990437       18   58.32%            4      29332
 1397364   988066       19   58.58%            4      29335
 1374561   991352       20   58.10%            4      29316
 1384371   990137       18   58.30%            4      29319
 1372405   989401       59   58.11%            4      29328
 1377408   987431       65   58.25%            5      29335
 1393065   991468        8   58.42%            5      29331
 1382999   987886       60   58.33%            5      29334
 1379489   991289        9   58.19%            5      29298
 1393822   991134       21   58.44%            5      29314
 1334474   990672      102   57.39%            5      29327
 1363418   987130      100   58.00%            5      29340
 1354227   990043      100   57.77%            5      29344
 1354829   989603       51   57.79%            5      29324
 1465818   991121       10   59.66%            5      29311
 1552742   989117      117   61.09%            5      29334
 1538266   988215       51   60.89%            5      29329
 1548706   990141      102   61.00%            6      29318
 1517318   987014       69   60.59%            6      29339
 1539522   990830       45   60.84%            6      29318
 1529551   991626       17   60.67%            6      29327
 1559757   988223       45   61.22%            6      29323
 1551324   991512       27   61.01%            6      29332
 1542937   990038       68   60.91%            6      29338
 1560303   991978        7   61.13%            6      29320
 1558381   991553       22   61.11%            6      29330
 1548656   990865       40   60.98%            6      29322
 1518224   990301      119   60.52%            6      29306
 1535987   989395      128   60.82%            9      29333
 1547824   988680       71   61.02%            9      29330
 1530183   992268        7   60.66%            9      29314
 1554404   991716       25   61.05%            9      29339
 1516020   990655       41   60.48%            9      29296
 1455504   990823       87   59.50%            9      29309
 1526646   988277      168   60.70%            9      29335
 1540572   988913       67   60.90%            9      29333
 1525477   991941        8   60.60%            9      29324
 1572636   990594       18   61.35%            9      29329
 1525078   991255       19   60.61%            9      29316
 1547646   990416       21   60.98%            9      29293
 1547960   991494       21   60.96%            9      29332
 1532549   988095       70   60.80%           10      29306
 1535153   990746        4   60.78%           10      29313
 1569788   991794       10   61.28%           10      29301
 1507736   990676       54   60.35%           10      29336
 1538991   991707        5   60.81%           10      29318
 1563951   990467       16   61.23%           10      29295
 1480660   985507      166   60.04%           10      29339
 1519976   991305       38   60.53%           10      29319
 1566620   990733       17   61.26%           10      29325
 1510686   990051       18   60.41%           10      29336
 1531903   990041      124   60.74%           10      29340
 1514618   991684       40   60.43%           10      29328
 1522450   987279       68   60.66%           10      29300
 1544853   989958       77   60.95%           10      29315
 1551528   990470       72   61.04%           10      29315
 1502256   992302       13   60.22%           10      29328
 1524716   991026       42   60.61%           10      29314
 1465590   989289      115   59.70%           10      29312
 1497530   988497      118   60.24%           10      29305
 1508810   990167      114   60.38%           10      29332
 1529465   992280        8   60.65%           10      29323
 1530669   987521       20   60.78%           10      29317
 1455652   989539       63   59.53%           10      29319
 1457599   986869      245   59.63%           11      29310
 1524988   989217       99   60.65%           11      29310
 1518704   991143        8   60.51%           11      29297
 1498019   988366       65   60.25%           11      29321
 1505759   989302       98   60.35%           11      29299
 1486505   988851       47   60.05%           11      29315
 1493078   992263       20   60.08%           11      29300
 1447800   986938      248   59.46%           11      29340
 1467212   987782       96   59.76%           11      29321
 1514036   991265       43   60.43%           11      29322
 1544568   989943       51   60.94%           11      29325
 1506502   989617       34   60.35%           11      29293
 1519225   988725        5   60.58%           11      29313
 1524520   986749       58   60.71%           11      29333
 1483146   989884      102   59.97%           11      29336
 1522543   990178       41   60.59%           11      29312
 1524735   991859       17   60.59%           11      29307
 1470371   987659       52   59.82%           11      29303
 1527168   992333      128   60.61%           12      29316
 1489094   988093      132   60.11%           12      29302
 1499428   988219       79   60.27%           12      29327
 1514376   991525       17   60.43%           12      29315
 1536833   991067       18   60.79%           12      29302
 1516253   991579       33   60.46%           12      29312
 1502082   991366       45   60.24%           12      29321
 1470689   987588      208   59.83%           12      29300
 1502356   988228       76   60.32%           12      29297
 1515256   986220       22   60.57%           12      29308
 1517653   990350       19   60.51%           12      29327
 1516645   991479       17   60.47%           12      29308
 1504574   989207       36   60.33%           12      29309
 1529688   988482       67   60.75%           12      29336
 1540691   990098        8   60.88%           12      29310
 1512597   990571       62   60.43%           12      29338
 1478652   991311        9   59.87%           12      29290
 1479703   988910      200   59.94%           12      29318
 1478634   983366       78   60.06%           12      29324
 1501143   987797      125   60.31%           12      29327
 1533211   991352        4   60.73%           12      29329
 1483333   986041       77   60.07%           12      29317
 1530414   991897        5   60.68%           12      29306
 1540141   991281       20   60.84%           12      29293
 1434287   990006      174   59.16%           13      29311
 1488318   988794       78   60.08%           13      29331
 1542358   991241       18   60.88%           13      29319
 1501689   988014       53   60.32%           13      29315
 1516095   988766       15   60.53%           13      29320
 1537552   991687       18   60.79%           13      29324
 1506317   991212       18   60.31%           13      29325
 1537994   988545       68   60.87%           13      29324
 1560216   991448        6   61.15%           13      29333
 1520622   991674       24   60.53%           13      29300
 1544986   991208       40   60.92%           13      29336
 1549331   991109       32   60.99%           13      29317
 1524887   990328       44   60.63%           13      29292
 1493295   984047      160   60.28%           13      29315
stop
