    HITS   MISSES  DIRTIES HITRATIO   BUFFERS_MB  CACHED_MB
 1476639  1040590       78   58.66%           14       4391
 1351649   986083       25   57.82%           14       8242
 1336689   990404       20   57.44%           15      12111
 1311811   991211        9   56.96%           15      15983
 1294215   989189       15   56.68%           15      19846
 1339278   990424      106   57.49%           18      23711
 1278252   986504      328   56.44%           18      27566
 1202239   988851      327   54.87%           18      29306
 1234989   981455      138   55.72%            7      29315
 1209566   990203       18   54.99%            7      29338
 1217972   984000       18   55.31%            7      29317
 1215732   984495       17   55.25%            7      29297
 1229092   981848       57   55.59%            7      29338
 1192211   987255       20   54.70%            7      29329
 1180078   988391       19   54.42%            7      29361
 1151164   987724       19   53.82%            7      29374
 1002679   985938       19   50.42%            7      29376
  856147   984294       20   46.52%            7      29361
  679452   982012       57   40.89%            6      29356
  527802   985178       19   34.88%            6      29374
  441985   984078       18   30.99%            6      29387
  381943   982717       21   27.99%            6      29385
  346611   984875       21   26.03%            6      29384
  324390   984709       54   24.78%            5      29397
  312339   983198       60   24.11%            4      29412
  297425   983058       38   23.23%            4      29394
  292068   984591       21   22.88%            4      29415
  288008   984173       21   22.64%            3      29395
  278166   984309       20   22.03%            3      29416
  310803   981385       20   24.05%            3      29426
  360217   980489       64   26.87%            3      29419
  344248   984963       24   25.90%            3      29425
  350712   986272       21   26.23%            3      29412
  347739   984567        9   26.10%            3      29421
  343028   984297       18   25.84%            3      29425
  348250   984588       19   26.13%            3      29406
  354601   984586       57   26.48%            3      29403
  349279   984468       42   26.19%            4      29403
  352002   983499       20   26.36%            4      29426
  350387   985368       17   26.23%            4      29408
  341861   984114       17   25.78%            4      29430
  360544   982995       17   26.84%            3      29429
  356068   981434       61   26.62%            4      29400
  341606   983147       20   25.79%            3      29420
  349807   983944       19   26.23%            3      29409
  357999   982697       19   26.70%            3      29414
  349448   982292       23   26.24%            3      29422
  352860   984456       20   26.39%            3      29400
  364081   982108       57   27.05%            3      29421
  349127   985442       80   26.16%            3      29431
  346393   984942       17   26.02%            3      29433
  352130   983948       43   26.36%            4      29403
  339772   984599       20   25.66%            3      29403
  355954   984366       20   26.56%            3      29410
  355975   980234       94   26.64%            3      29418
  352207   982727       38   26.38%            3      29415
  339902   986182       21   25.63%            3      29407
  340646   985113       22   25.69%            3      29397
  347265   985367      117   26.06%            4      29412
  336868   984956       22   25.49%            4      29416
  336137   983716       62   25.47%            4      29410
  340381   984714       48   25.69%            4      29426
  331274   984903       30   25.17%            4      29366
  341329   985254       14   25.73%            4      29430
  339986   984866       16   25.66%            4      29413
  338585   986270       16   25.56%            4      29401
  344824   981416       60   26.00%            4      29424
  344586   984973       17   25.92%            4      29421
  343902   983741       44   25.90%            4      29394
  344986   986084       18   25.92%            4      29401
  342407   983906       17   25.82%            4      29395
  339643   983189       43   25.68%            4      29400
  349994   981541       68   26.29%            4      29419
  338533   984512       18   25.59%            4      29403
  327617   986024       18   24.94%            4      29418
  341834   984472       17   25.77%            4      29427
  340530   985419       18   25.68%            4      29424
  345809   982234       19   26.04%            4      29417
  351748   982162       60   26.37%            4      29413
  337471   984515       20   25.53%            4      29420
  337182   985368       18   25.49%            4      29422
  339383   982581       18   25.67%            4      29422
  331349   985326       18   25.17%            3      29396
  346936   983925       21   26.07%            3      29401
  352892   981295       61   26.45%            4      29422
  338037   983380       42   25.58%            4      29421
  341168   985473       21   25.72%            4      29409
  333328   984980       57   25.28%            4      29408
  347644   983743       24   26.11%            4      29405
  347319   985465       21   26.06%            4      29422
  350901   980941       64   26.35%            4      29426
  348413   984518       22   26.14%            4      29410
  337935   985776       20   25.53%            4      29421
  348357   985431        9   26.12%            4      29417
  346335   981529       15   26.08%            4      29417
  350960   984945       20   26.27%            4      29410
  360095   979089       58   26.89%            4      29396
  348213   983238       18   26.15%            4      29398
  351777   984434       17   26.33%            4      29417
  357294   982737       18   26.66%            4      29410
  342743   984877       18   25.82%            4      29397
  350422   985468       18   26.23%            4      29418
  360049   980379       61   26.86%            4      29425
  361577   985374      130   26.84%            6      29425
  339341   984575       24   25.63%            5      29413
  338948   986161       19   25.58%            5      29423
  333754   984563       23   25.32%            4      29405
  351944   980137       20   26.42%            4      29392
  343334   980995       60   25.93%            4      29409
  336196   985368       18   25.44%            4      29401
  339707   983181       18   25.68%            4      29407
  340701   982502       18   25.75%            4      29418
  333551   984391       21   25.31%            4      29391
  340637   985470       21   25.69%            4      29413
  340225   981169       63   25.75%            4      29396
  339730   984782       38   25.65%            4      29399
  334179   985217       20   25.33%            4      29421
  338855   983137       23   25.63%            4      29408
  339677   984938       21   25.64%            4      29407
  341135   982202       21   25.78%            4      29408
  352994   979650       61   26.49%            4      29408
  347411   985151       23   26.07%            4      29407
  336792   984397       20   25.49%            4      29403
  344682   980792        9   26.00%            4      29412
  345707   981676       17   26.04%            4      29398
  346717   984422       18   26.05%            4      29420
  352416   979677       60   26.46%            4      29414
  335083   984484       18   25.39%            4      29390
  338916   984958       17   25.60%            4      29423
  345757   985327       17   25.98%            4      29392
  340750   984111       17   25.72%            4      29420
  335216   984684       17   25.40%            4      29406
  346526   981101       58   26.10%            4      29405
  343721   982763       20   25.91%            4      29398
  346878   985076       19   26.04%            4      29399
stop
