    HITS   MISSES  DIRTIES HITRATIO   BUFFERS_MB  CACHED_MB
 1767907  1043441       27   62.88%           14       4367
 1697477   989336       52   63.18%           14       8232
 1664712   989501       55   62.72%           14      12097
 1672632   989651       19   62.83%           14      15963
 1679578   989322       47   62.93%           14      19826
 1666000   988055       68   62.77%           15      23687
 1647592   988962       18   62.49%           15      27550
 1624560   989957       17   62.14%            5      29406
 1624596   989320       17   62.15%            5      29399
 1613916   990100       17   61.98%            5      29438
 1613239   988482       34   62.01%            5      29428
 1622253   988209       57   62.14%            5      29410
 1629746   990150       22   62.21%            5      29422
 1627690   990469       21   62.17%            5      29413
 1616057   990779       21   61.99%            5      29404
 1609370   990564       21   61.90%            5      29411
 1619755   990245       21   62.06%            5      29429
 1646421   988516       61   62.48%            6      29426
 1624611   990171       10   62.13%            6      29416
 1618665   990026       14   62.05%            6      29392
 1627245   990416       20   62.16%            6      29426
 1619547   990746       16   62.04%            6      29410
 1597104   988078      101   61.78%            6      29383
 1636111   990139       54   62.30%            6      29431
 1612615   990930       19   61.94%            6      29431
 1619431   988208       56   62.10%            6      29419
 1611819   990304       42   61.94%            6      29424
 1629869   990080       22   62.21%            6      29407
 1622254   989201       20   62.12%            6      29429
 1703818   986942       85   63.32%            6      29428
 1680499   988941       80   62.95%            6      29413
 1714284   989140       47   63.41%            6      29392
 1698168   990197       18   63.17%            6      29410
 1684068   989819       47   62.98%            6      29427
 1711281   989009       68   63.37%            6      29419
 1712124   988640       55   63.39%            6      29395
 1680418   988131       79   62.97%            6      29428
 1682116   988405      147   62.99%            6      29431
 1699898   989045       34   63.22%            6      29432
 1727410   990518       18   63.56%            6      29429
 1704667   988651       93   63.29%            8      29418
 1692224   988488       56   63.13%            8      29394
 1695647   989455       18   63.15%            8      29424
 1678640   989987       49   62.90%            8      29406
 1696964   990202       39   63.15%            8      29425
 1704978   990505       21   63.25%            8      29409
 1699927   990425       20   63.19%            8      29413
 1697389   985950       95   63.26%            8      29415
 1707044   990328       64   63.29%            8      29428
 1684654   990421       20   62.98%            9      29411
 1692526   988783      102   63.12%            9      29424
 1703422   988779       53   63.27%            9      29430
 1674704   990025       15   62.85%            9      29413
 1696315   987362      149   63.21%            9      29398
 1711607   989821       17   63.36%            9      29437
 1691449   990236       17   63.07%            9      29427
 1709840   988384       47   63.37%            9      29431
 1712254   988325       49   63.40%            9      29413
 1673098   989605       78   62.83%            9      29429
 1713389   986762       82   63.46%            9      29399
 1728439   989483       47   63.59%            9      29429
 1686667   989831       28   63.02%            9      29417
 1697493   990077       18   63.16%            9      29414
 1713574   990485       18   63.37%            9      29398
 1685723   990038       18   63.00%            9      29429
 1713108   988789       57   63.40%            9      29408
 1724850   990064       19   63.53%            9      29426
 1678425   990125       18   62.90%            9      29401
 1694456   990486       19   63.11%            9      29414
 1713150   990483       17   63.36%            9      29404
 1701634   988581       37   63.25%            9      29410
 1714074   988526       56   63.42%            9      29408
 1719074   988688       44   63.49%            9      29414
 1704861   990552       17   63.25%            9      29426
 1703102   989579       17   63.25%            9      29384
 1716099   988897       57   63.44%            9      29406
 1709385   989712       20   63.33%            9      29429
 1701923   988517       60   63.26%            9      29406
 1678016   989827       98   62.90%            9      29394
 1690282   989598       15   63.07%            9      29403
 1695016   990173       20   63.12%            9      29435
 1688018   989010       56   63.06%            9      29403
 1702434   989802       17   63.23%            9      29402
 1712038   987873       55   63.41%            9      29412
 1695803   989669       18   63.15%            9      29420
 1710281   989788       17   63.34%            9      29409
 1698775   990120       20   63.18%            9      29413
 1690037   989484       41   63.07%            9      29415
 1716466   985182       17   63.53%            9      29420
 1723728   983907       59   63.66%            9      29401
 1711794   980784      135   63.57%            9      29426
 1709753   988511       32   63.36%            9      29408
 1709966   990415       19   63.32%            9      29414
 1698822   990196       19   63.18%            9      29404
 1691342   990042       19   63.08%            9      29394
 1700399   987873       81   63.25%            9      29419
 1692694   989591       19   63.11%            9      29405
 1694813   989212       17   63.14%            9      29412
 1704584   987838       54   63.31%            9      29415
 1710973   990415       17   63.34%            9      29398
 1696481   988677       34   63.18%            9      29432
 1715075   986890      121   63.48%           10      29431
 1709878   990023       44   63.33%           10      29413
 1689251   990119       18   63.05%           10      29417
 1716749   988338       55   63.46%           10      29393
 1714328   989288       29   63.41%           10      29422
 1699763   990465       21   63.18%           10      29414
 1702260   988634       67   63.26%           10      29390
 1698315   989555       10   63.18%           10      29398
 1703453   989816       40   63.25%           10      29423
 1698858   990282       22   63.17%           10      29413
 1693040   989724      104   63.11%           10      29416
 1713479   989470       45   63.39%           10      29417
 1711914   987911       63   63.41%           10      29413
 1714187   989775       19   63.40%           10      29429
 1697178   990347       17   63.15%           10      29391
 1692869   990086       18   63.10%           10      29381
 1690139   990303       18   63.05%           10      29421
 1710813   989844       18   63.35%           10      29410
 1712079   988713       57   63.39%           10      29409
 1702564   989932       18   63.23%           10      29423
 1707316   990502       18   63.29%           10      29411
 1722224   990176       18   63.49%           10      29393
 1715090   989593       18   63.41%           10      29417
 1715732   989656       18   63.42%           10      29427
 1723725   988683       58   63.55%           10      29404
 1705735   989010       20   63.30%           10      29424
 1692466   990334       18   63.09%           10      29397
 1725491   989094       20   63.56%           10      29394
 1708065   989317       18   63.32%           10      29394
 1710089   988033       95   63.38%           11      29390
 1712351   987781       80   63.42%           11      29400
 1713996   988813       17   63.42%           11      29400
 1710062   989754       17   63.34%           11      29388
 1690337   988503      137   63.10%           11      29414
stop
