    HITS   MISSES  DIRTIES HITRATIO   BUFFERS_MB  CACHED_MB
 1618243  1043432      131   60.80%           14       4357
 1494005   991198       20   60.12%           14       8228
 1418247   991170       63   58.86%           14      12100
 1397602   986726      155   58.62%           14      15955
 1398057   991102      113   58.52%           15      19826
 1407610   991534       47   58.67%           15      23698
 1399569   991625        9   58.53%           15      27572
 1415518   990331       47   58.84%           15      29341
 1366440   990883       45   57.97%           15      29302
 1369237   988675       57   58.07%           15      29301
 1417658   991224       16   58.85%            4      29328
 1387218   988771       50   58.38%            4      29333
 1349252   990054       17   57.68%            4      29347
 1354552   988093      104   57.82%            4      29338
 1392811   985677       17   58.56%            4      29361
 1379469   978500       57   58.50%            4      29343
 1408981   987668       51   58.79%            5      29333
 1386758   989102       19   58.37%            4      29344
 1359602   990828       19   57.84%            5      29338
 1399916   989910       19   58.58%            5      29377
 1388489   991065       19   58.35%            5      29390
 1373512   987729       61   58.17%            5      29376
 1386971   991244       19   58.32%            5      29358
 1389896   990424       17   58.39%            5      29353
 1371785   989663       17   58.09%            5      29379
 1396041   989821       17   58.51%            5      29390
 1389127   990566       17   58.37%            5      29363
 1353924   988278       88   57.81%            5      29393
 1351743   981776      121   57.93%            5      29400
 1388835   991331       21   58.35%            5      29358
 1504591   987148       52   60.38%            5      29396
 1542652   990342       21   60.90%            5      29352
 1575980   989139       25   61.44%            5      29407
 1533507   987612       63   60.83%            5      29407
 1545253   990804       21   60.93%            5      29404
 1572368   991241       19   61.33%            5      29409
 1517468   986731       41   60.60%            5      29365
 1527895   990722       14   60.66%            5      29395
 1579648   991388       19   61.44%            5      29361
 1530441   986862      115   60.80%            5      29358
 1512744   990690       17   60.43%            5      29405
 1488082   990579      161   60.04%            5      29388
 1541685   989841       73   60.90%            5      29389
 1531337   989606       27   60.74%            5      29409
 1579840   991373       18   61.44%            5      29389
 1535442   989419       70   60.81%            5      29411
 1521738   989785       46   60.59%            5      29407
 1458046   990085      158   59.56%            5      29406
 1544528   988908       70   60.97%            5      29392
 1527531   988896       27   60.70%            5      29363
 1567143   991606       18   61.25%            5      29394
 1554598   990321       57   61.09%            5      29413
 1531173   991796       20   60.69%            5      29412
 1558349   990014       18   61.15%            5      29399
 1556725   990521       20   61.11%            5      29409
 1529320   991841       20   60.66%            5      29402
 1561516   992051       18   61.15%            5      29412
 1564203   988922       58   61.27%            5      29413
 1516514   989296       63   60.52%            6      29389
 1568432   991030       20   61.28%            6      29413
 1565364   990167       20   61.25%            6      29391
 1536461   986079       52   60.91%            6      29413
 1515839   991125       85   60.47%            6      29408
 1546982   986408       84   61.06%            6      29407
 1513241   990499       49   60.44%            6      29413
 1530359   990816       23   60.70%            6      29401
 1539521   987330      130   60.93%            6      29394
 1523237   991570       22   60.57%            6      29407
 1526164   989211      102   60.67%            6      29395
 1585136   987561      120   61.61%            6      29403
 1535096   991129       17   60.77%            6      29387
 1539760   990637       18   60.85%            6      29361
 1577626   991672       17   61.40%            6      29361
 1546219   989999       43   60.97%            6      29370
 1538363   987958       18   60.89%            6      29394
 1549154   988262      145   61.05%            6      29402
 1549432   990549       46   61.00%            6      29379
 1528515   991032       28   60.67%            6      29367
 1566027   991485       19   61.23%            6      29384
 1555010   991684       24   61.06%            6      29382
 1530453   991716       37   60.68%            6      29395
 1560971   987995       59   61.24%            6      29395
 1549857   989981       51   61.02%            6      29377
 1522646   991535       45   60.56%            6      29413
 1479315   991011       18   59.88%            6      29399
 1539419   989568      185   60.87%            6      29400
 1523344   989821       47   60.61%            6      29369
 1557349   989186       56   61.16%            6      29391
 1564212   990081       41   61.24%            6      29391
 1535601   986198       21   60.89%            6      29400
 1552685   991598       21   61.03%            6      29396
 1578854   991362       21   61.43%            6      29392
 1539401   989574       21   60.87%            6      29395
 1558782   988083       64   61.20%            6      29392
 1583326   991581       22   61.49%            6      29380
 1538338   991692       19   60.80%            6      29406
 1544970   990239        9   60.94%            6      29408
 1575260   989891       15   61.41%            6      29412
 1550226   989748       21   61.03%            6      29374
 1544778   987861       55   60.99%            6      29405
 1560499   991283       16   61.15%            6      29382
 1564420   991228       17   61.21%            6      29374
 1535723   991719       18   60.76%            6      29393
 1580639   990783       17   61.47%            6      29369
 1539411   991582       17   60.82%            6      29389
 1525310   986132       90   60.73%            6      29401
 1511779   988959      223   60.45%           10      29394
 1537490   991656       19   60.79%           10      29408
 1513115   988700       38   60.48%           10      29402
 1520807   990891       28   60.55%           10      29410
 1513896   989819       19   60.47%           10      29391
 1488865   988850       57   60.09%           10      29401
 1469056   984994       59   59.86%           10      29389
 1468567   990435      176   59.72%           10      29384
 1498319   991170       18   60.19%           10      29393
 1525832   990138       49   60.65%           10      29372
 1497260   991505       18   60.16%           10      29406
 1509609   988558       58   60.43%           10      29405
 1531712   989233       38   60.76%           10      29354
 1535027   989479       21   60.81%            9      29402
 1508233   990598       21   60.36%            9      29381
 1533140   988948       20   60.79%            9      29368
 1502093   983495       22   60.43%            9      29356
 1502656   988616       60   60.32%            9      29408
 1521660   989361       22   60.60%            9      29387
 1554886   990984       19   61.07%            9      29379
 1499865   991682        9   60.20%            9      29410
 1521987   989828       15   60.59%            9      29405
 1552179   991480       20   61.02%            9      29402
 1511500   988723       85   60.45%            9      29355
 1512890   991706       17   60.40%            9      29393
 1508118   990150      106   60.37%            9      29397
 1519174   989459       45   60.56%            9      29385
 1501660   990049       48   60.27%            9      29378
 1547062   991006       18   60.95%            9      29407
stop
