    HITS   MISSES  DIRTIES HITRATIO   BUFFERS_MB  CACHED_MB
 1783349  1047047       63   63.01%           14       4452
 1655761   990425       22   62.57%           14       8320
 1686714   988094       92   63.06%           14      12180
 1664500   988680      112   62.74%           14      16041
 1621619   989779       42   62.10%           14      19908
 1615182   986248      103   62.09%           14      23761
 1591274   990089       18   61.64%           14      27629
 1552339   990361       17   61.05%            4      29500
 1588044   989438       18   61.61%            4      29473
 1570177   990044       18   61.33%            4      29489
 1572628   990259       18   61.36%            4      29494
 1578071   987540       58   61.51%            4      29472
 1558298   990272       18   61.14%            4      29498
 1579055   990056       18   61.46%            4      29480
 1582522   989585       18   61.53%            4      29488
 1575162   990323       19   61.40%            4      29485
 1582065   989843       19   61.51%            4      29466
 1575359   987719       61   61.46%            4      29504
 1582999   990335       20   61.52%            4      29479
 1576394   989925       19   61.43%            4      29504
 1574917   990285       19   61.40%            4      29499
 1590874   990160       19   61.64%            4      29503
 1585126   990311       20   61.55%            4      29479
 1566631   987864       58   61.33%            4      29510
 1581264   988909       36   61.52%            4      29515
 1581430   989927       17   61.50%            4      29491
 1582811   990349       17   61.51%            4      29508
 1564424   990260       17   61.24%            4      29504
 1587630   989634       28   61.60%            4      29499
 1584903   988210       51   61.59%            5      29495
 1630812   990327       20   62.22%            5      29492
 1659067   990298       20   62.62%            5      29475
 1662569   990264       13   62.67%            5      29500
 1670614   989574       10   62.80%            5      29493
 1680903   989513       14   62.95%            5      29517
 1689425   987115       59   63.12%            5      29501
 1672105   990230       17   62.81%            5      29505
 1668292   990121       16   62.76%            5      29501
 1681997   989664       16   62.96%            5      29509
 1688278   989574       17   63.05%            5      29489
 1661199   990298       17   62.65%            5      29486
 1687941   986777       59   63.11%            5      29506
 1672363   989839       17   62.82%            5      29479
 1666926   989998       17   62.74%            5      29511
 1676075   989044       17   62.89%            5      29502
 1688158   990055       17   63.03%            5      29499
 1679129   986816       73   62.98%            5      29510
 1676559   987523       82   62.93%            5      29482
 1679735   990159       19   62.91%            5      29515
 1665322   987711       45   62.77%            5      29494
 1667220   990083       26   62.74%            5      29470
 1686396   989930       22   63.01%            5      29500
 1658655   990264       18   62.62%            5      29497
 1671907   987492       59   62.87%            5      29490
 1673694   988763       37   62.86%            5      29517
 1671175   990382       18   62.79%            5      29493
 1671139   989591       18   62.81%            5      29465
 1666352   990079       18   62.73%            5      29497
 1662318   989802       18   62.68%            5      29499
 1691818   987431       56   63.15%            5      29492
 1676385   989722       19   62.88%            5      29472
 1677939   989552       47   62.90%            5      29517
 1670728   990014       13   62.79%            5      29491
 1662566   989813       70   62.68%            5      29500
 1672625   988675       75   62.85%            5      29491
 1654632   987612       62   62.62%            5      29514
 1680000   990043       18   62.92%            5      29480
 1660133   990116       17   62.64%            5      29505
 1670712   989919       18   62.79%            5      29487
 1663807   989315       18   62.71%            5      29509
 1686365   990252       44   63.00%            5      29483
 1683442   987916       59   63.02%            5      29478
 1683367   990317       25   62.96%            5      29482
 1657363   985458      245   62.71%            5      29512
 1649526   988508       18   62.53%            5      29494
 1686431   990320       19   63.00%            5      29502
 1683434   990298       19   62.96%            5      29487
 1644576   987795       59   62.48%            5      29503
 1663277   990184       20   62.68%            5      29478
 1672848   989796       19   62.83%            5      29503
 1659189   989956       19   62.63%            5      29475
 1671221   990157       19   62.80%            5      29508
 1681031   990152       19   62.93%            5      29475
 1668134   987775       56   62.81%            6      29499
 1670639   988304       66   62.83%            6      29474
 1685479   990318       17   62.99%            6      29493
 1679664   990335       17   62.91%            6      29481
 1689138   988101      131   63.09%            6      29463
 1674724   990075       25   62.85%            6      29494
 1668374   987044       58   62.83%            6      29516
 1671770   989804       18   62.81%            6      29495
 1696201   989462       54   63.16%            6      29504
 1666021   988982      127   62.75%            6      29473
 1670526   989475       99   62.80%            6      29496
 1656556   988835       72   62.62%            6      29487
 1671628   986948       89   62.88%            6      29493
 1681282   990278       17   62.93%            6      29496
 1676667   990033       16   62.87%            6      29486
 1672674   988715       55   62.85%            6      29498
 1676906   990056       15   62.88%            6      29487
 1661000   990325       17   62.65%            6      29484
 1660192   987126       58   62.71%            6      29475
 1667104   989811       17   62.75%            6      29492
 1683068   990251       17   62.96%            6      29481
 1668959   989910       17   62.77%            6      29498
 1675155   989978       18   62.85%            6      29473
 1669996   990298       18   62.77%            6      29490
 1683062   987618       58   63.02%            6      29477
 1672526   990295       19   62.81%            6      29502
 1667660   990067       18   62.75%            6      29477
 1672500   990246       18   62.81%            6      29503
 1678977   989981       22   62.91%            6      29477
 1672184   989273       18   62.83%            6      29491
 1673186   987572       62   62.88%            6      29498
 1685515   989046       36   63.02%            6      29499
 1676710   990324       18   62.87%            6      29473
 1670293   989892       18   62.79%            6      29490
 1678877   989928       18   62.91%            6      29508
 1684133   988309       18   63.02%            6      29497
 1681473   987977       56   62.99%            6      29499
 1672050   989930       20   62.81%            6      29488
 1679610   990349       21   62.91%            6      29485
 1652030   990359       13   62.52%            6      29511
 1667599   990394       10   62.74%            6      29493
 1679954   989823       15   62.92%            6      29488
 1696481   987749       62   63.20%            6      29511
 1672446   990294       18   62.81%            6      29479
 1669431   990024       17   62.77%            6      29497
 1661634   989661       17   62.67%            6      29484
 1684320   989707       18   62.99%            6      29471
 1661904   989877       18   62.67%            6      29488
 1696547   987807       85   63.20%            6      29504
 1678362   990073       18   62.90%            6      29478
 1677501   989661      101   62.89%            6      29472
 1666131   988539       47   62.76%            6      29477
stop
