    HITS   MISSES  DIRTIES HITRATIO   BUFFERS_MB  CACHED_MB
 1447988  1045767       79   58.06%           13       4364
 1341778   990918       56   57.52%           13       8236
 1378758   987936      167   58.26%           15      12093
 1417909   988696       79   58.92%           15      15953
 1424230   990477       18   58.98%           15      19823
 1419715   988691       67   58.95%           15      23684
 1405563   992370        6   58.62%           15      27562
 1369646   991745       18   58.00%            5      29324
 1374825   990939       17   58.11%            5      29332
 1393756   987724       57   58.52%            5      29334
 1333566   991490       18   57.36%            5      29350
 1368455   991193       18   57.99%            5      29343
 1379221   989142       17   58.24%            5      29343
 1371887   989506       30   58.10%            5      29331
 1374992   991082       45   58.11%            5      29302
 1405845   987884       60   58.73%            5      29326
 1344364   989047      121   57.61%            5      29305
 1375171   990804      114   58.12%            5      29311
 1367841   991129       17   57.98%            5      29342
 1367314   990688       18   57.99%            5      29304
 1398623   989758       69   58.56%            5      29320
 1339746   989983       94   57.51%            5      29303
 1376351   986840        9   58.24%            5      29351
 1392195   989349       21   58.46%            5      29331
 1343628   987608      140   57.64%            5      29333
 1363774   991308        9   57.91%            5      29348
 1381019   991247       21   58.22%            5      29335
 1337269   987263       96   57.53%            6      29299
 1369405   991219       20   58.01%            6      29336
 1499682   992017        5   60.19%            6      29348
 1511457   991623       14   60.38%            6      29329
 1518985   991577       19   60.50%            6      29338
 1533787   991680       16   60.73%            6      29328
 1504321   988900       58   60.34%            6      29342
 1558150   987257       18   61.21%            6      29341
 1550799   986145       69   61.13%            6      29308
 1540545   991054        6   60.85%            6      29324
 1569135   987618       22   61.37%            6      29324
 1548521   981731       42   61.20%            6      29331
 1528472   980286      123   60.93%            6      29326
 1562359   989542       36   61.22%            6      29335
 1518449   990317       92   60.53%            6      29332
 1543274   989321       82   60.94%            6      29305
 1513817   989531       22   60.47%            6      29299
 1484684   987427       39   60.06%            6      29351
 1520542   987732      168   60.62%            6      29310
 1536780   990674       54   60.80%            6      29323
 1503232   988916       89   60.32%            6      29322
 1544377   991050       41   60.91%            6      29330
 1519782   990095       53   60.55%            6      29326
 1525063   991215       25   60.61%            6      29335
 1568159   987852       91   61.35%            6      29338
 1474921   990378       86   59.83%            6      29313
 1531091   988969       42   60.76%            6      29306
 1524966   991350       19   60.60%            6      29345
 1490860   990507       57   60.08%            6      29299
 1547894   989273       18   61.01%            6      29330
 1550775   987939       67   61.09%            6      29310
 1537120   989883        4   60.83%            6      29319
 1553162   989569       10   61.08%            6      29327
 1549225   990661       14   61.00%            6      29335
 1530205   990518       19   60.71%            6      29341
 1531969   991779       16   60.70%            6      29301
 1532026   989584       58   60.76%            6      29325
 1532908   991756       18   60.72%            6      29336
 1548175   989931       24   61.00%            6      29333
 1519430   988834       39   60.58%            6      29331
 1545833   988401       18   61.00%            6      29336
 1567716   990966       18   61.27%            6      29315
 1541123   985603       86   60.99%            6      29337
 1528154   991735       21   60.64%            6      29304
 1546916   991062       39   60.95%            6      29312
 1465537   990967       86   59.66%            6      29313
 1482887   988570      145   60.00%            6      29317
 1540882   990838       16   60.86%            6      29346
 1524682   989355       64   60.65%            6      29332
 1554872   991469       17   61.06%            6      29312
 1543938   990852       54   60.91%            7      29320
 1500707   991672       77   60.21%            7      29330
 1552828   991684       36   61.03%            7      29347
 1511290   985053      115   60.54%            9      29328
 1517910   988542       60   60.56%            9      29327
 1537383   990603       18   60.81%            9      29326
 1522419   990980       55   60.57%            9      29340
 1522079   991349        8   60.56%            9      29320
 1528716   991281       19   60.66%            9      29335
 1521382   990570       45   60.57%            9      29341
 1546445   989026       82   60.99%            9      29307
 1510563   990946       33   60.39%            9      29321
 1471335   988693       63   59.81%            9      29320
 1522015   991383       36   60.56%            9      29343
 1478678   987982      114   59.95%            9      29339
 1511088   990474       37   60.41%            9      29315
 1544233   989522       56   60.95%            9      29346
 1522923   990361       54   60.59%            9      29321
 1529600   990189       16   60.70%            9      29305
 1549170   990554       34   61.00%            9      29332
 1514049   991154        6   60.44%            9      29312
 1527346   991738      144   60.63%           11      29311
 1510233   989392       60   60.42%           11      29306
 1502319   990797       45   60.26%           11      29295
 1527305   991097        7   60.65%           11      29306
 1537262   990359       17   60.82%           11      29319
 1509254   988713       62   60.42%           11      29324
 1520166   992038        7   60.51%           11      29343
 1504960   988147      115   60.36%           11      29316
 1508009   989422       44   60.38%           11      29338
 1522627   988861       20   60.63%           11      29340
 1504216   986368       88   60.40%           11      29336
 1480093   991134       76   59.89%           11      29322
 1505939   990083       54   60.33%           11      29298
 1528358   987157       95   60.76%           11      29319
 1533270   989116       18   60.79%           11      29320
 1533816   990256       18   60.77%           11      29295
 1528157   988777       19   60.72%           11      29294
 1532896   990874       21   60.74%           11      29322
 1525348   989297       59   60.66%           11      29331
 1473897   988239      116   59.86%           11      29327
 1526753   991362       35   60.63%           11      29315
 1520278   989747       52   60.57%           11      29322
 1531267   990376        5   60.72%           11      29308
 1538100   991318       19   60.81%           11      29325
 1526760   988899       16   60.69%           11      29324
 1524958   987667       72   60.69%           11      29339
 1551367   992329        6   60.99%           11      29310
 1524316   990121       18   60.62%           11      29314
 1516191   990735       18   60.48%           11      29320
 1546066   991839       18   60.92%           11      29309
 1510108   991195       18   60.37%           11      29318
 1535895   988435       65   60.84%           11      29337
 1555793   992333        6   61.06%           11      29321
 1528450   991719       18   60.65%           11      29332
 1550420   990361       18   61.02%           11      29316
 1574263   990055       17   61.39%           11      29319
 1534915   991338       17   60.76%           11      29307
stop
