    HITS   MISSES  DIRTIES HITRATIO   BUFFERS_MB  CACHED_MB
 1492099  1039154       86   58.95%           14       4336
 1382768   979336       42   58.54%           14       8160
 1353930   985035       11   57.89%           17      12007
 1352630   991518       21   57.70%           17      15879
 1382121   990404       22   58.26%           17      19748
 1341635   991376       20   57.51%           17      23620
 1278678   987815       61   56.42%           17      27479
 1126697   983280       18   53.40%            7      29446
 1034577   983763       77   51.26%            7      29430
  536067   975175       37   35.47%            7      29454
   25365   965496       20    2.56%            6      29460
   41922   974426       20    4.12%            6      29475
    6942   968523      116    0.71%            6      29483
       0   965947       21    0.00%            6      29474
       0   852914       25    0.00%            5      29472
       0   775255       21    0.00%            4      29493
       0   821222       21    0.00%            4      29500
       0   811480       22    0.00%            3      29499
       0   750385       69    0.00%            3      29499
       0   821503       23    0.00%            3      29478
       0   763733       22    0.00%            3      29500
       0   840172        5    0.00%            2      29508
       0   786900       14    0.00%            2      29507
       0   776511       16    0.00%            2      29509
       0   817882       57    0.00%            2      29502
       0   775744       18    0.00%            2      29512
       0   824186       17    0.00%            2      29517
       0   865956       17    0.00%            2      29513
       0   836529       17    0.00%            2      29472
       0   775614       18    0.00%            2      29492
       0   717033       71    0.00%            2      29513
       0   788951        7    0.00%            2      29488
       0   772693       18    0.00%            2      29519
       0   786400       19    0.00%            2      29519
       0   791328       19    0.00%            2      29515
       0   754558       19    0.00%            2      29477
       0   776483       66    0.00%            2      29493
       0   767893        9    0.00%            2      29503
       0   763087       20    0.00%            2      29516
       0   766514       20    0.00%            2      29472
       0   826155       47    0.00%            2      29480
       0   760057       20    0.00%            2      29510
       0   876324       94    0.00%            2      29474
       0   837405       57    0.00%            2      29507
       0   774812       10    0.00%            2      29507
       0   797551       22    0.00%            2      29507
       0   802307       22    0.00%            2      29504
       0   739163       22    0.00%            2      29519
       0   837159       74    0.00%            2      29493
       0   794626       12    0.00%            2      29488
       0   820830       13    0.00%            2      29499
       0   776618       10    0.00%            2      29498
       0   784894       21    0.00%            2      29502
       0   725033       20    0.00%            4      29500
       0   721315       88    0.00%            4      29489
       0   846735        7    0.00%            4      29481
       0   749161       18    0.00%            3      29494
       0   808454       18    0.00%            3      29513
       0   853623       19    0.00%            3      29514
       0   809825       19    0.00%            3      29482
       0   859693       73    0.00%            3      29513
       0   790573        8    0.00%            3      29476
       0   765739       19    0.00%            3      29502
       0   677514       20    0.00%            2      29517
       0   735682       20    0.00%            2      29505
       0   830885       20    0.00%            2      29518
       0   773934      136    0.00%            3      29514
       0   751451        9    0.00%            3      29502
       0   774044       21    0.00%            3      29469
       0   828821       21    0.00%            3      29496
       0   734200       21    0.00%            3      29506
       0   754666       21    0.00%            3      29497
       0   828529      162    0.00%            3      29478
       0   774375       16    0.00%            3      29503
       0   731999       19    0.00%            3      29488
       0   789566       20    0.00%            3      29510
       0   745141       21    0.00%            3      29505
       0   786866       21    0.00%            3      29473
       0   782735       73    0.00%            3      29503
       0   767768       13    0.00%            3      29485
       0   730445       13    0.00%            3      29508
       0   730338       25    0.00%            3      29505
       0   834208        5    0.00%            3      29517
       0   773049       16    0.00%            3      29506
       0   810700       66    0.00%            3      29498
       0   808695        7    0.00%            3      29497
       0   740124       17    0.00%            3      29477
       0   762158       17    0.00%            3      29481
       0   807268       17    0.00%            3      29506
       0   782587       18    0.00%            3      29507
       0   755691       73    0.00%            3      29482
       0   784140        7    0.00%            3      29491
       0   752919       18    0.00%            3      29517
       0   827259       19    0.00%            3      29511
       0   789692       19    0.00%            3      29472
       0   728090       19    0.00%            3      29500
       0   765013       71    0.00%            3      29482
       0   782944        9    0.00%            3      29497
       0   814177       20    0.00%            3      29503
       0   794852       20    0.00%            3      29492
       0   774334       19    0.00%            3      29481
       0   759848       20    0.00%            3      29482
       0   823431      209    0.00%            4      29497
       0   760551       10    0.00%            3      29468
       0   748176       22    0.00%            3      29494
       0   789874       22    0.00%            3      29481
       0   776678       21    0.00%            3      29503
       0   845250       23    0.00%            3      29470
       0   828677       25    0.00%            3      29514
       0   808243       63    0.00%            3      29510
       0   830300       13    0.00%            3      29519
       0   729037       14    0.00%            3      29500
       0   828227       15    0.00%            3      29496
       0   795296       17    0.00%            3      29486
       0   819231       18    0.00%            3      29469
       0   816469       61    0.00%            3      29468
       0   732372       17    0.00%            3      29491
       0   833644       18    0.00%            3      29495
       0   778746       19    0.00%            3      29502
       0   745456       19    0.00%            3      29494
       0   752899      103    0.00%            4      29493
       0   730981       89    0.00%            3      29500
       0   849959       17    0.00%            3      29472
       0   788090       20    0.00%            3      29515
       0   758878       21    0.00%            3      29493
       0   780771       20    0.00%            3      29506
       0   773326       20    0.00%            3      29494
       0   858907       61    0.00%            3      29467
       0   749838       21    0.00%            3      29492
       0   775156       21    0.00%            3      29510
       0   723278       20    0.00%            3      29502
       0   725887       21    0.00%            3      29499
       0   771904       41    0.00%            3      29481
       0   770217       63    0.00%            3      29493
       0   769125       25    0.00%            3      29508
stop
