    HITS   MISSES  DIRTIES HITRATIO   BUFFERS_MB  CACHED_MB
 1766528  1042833      219   62.88%           14       4400
 1660408   988619      168   62.68%           14       8262
 1617957   989104       44   62.06%           14      12126
 1581056   990091       30   61.49%           14      15993
 1517684   987931       58   60.57%           14      19852
 1466862   990067       16   59.70%           15      23720
 1296517   989711       16   56.71%           15      27585
  986581   990299       17   49.91%            4      29478
 1220565   989674       17   55.22%            4      29473
 1276724   990437       17   56.31%            4      29478
 1295052   987667       54   56.73%            4      29487
 1310859   990004       20   56.97%            4      29490
 1292052   989867       18   56.62%            4      29477
 1275878   989957       19   56.31%            4      29509
 1221093   989784       19   55.23%            4      29468
 1222247   989466       19   55.26%            5      29504
 1268360   987536       59   56.22%            5      29483
 1295781   990286       18   56.68%            5      29473
 1296251   989614       18   56.71%            5      29513
 1291584   989843       18   56.61%            5      29513
 1297616   988911       18   56.75%            5      29498
 1243087   990185       19   55.66%            5      29487
 1223717   987336       55   55.35%            5      29509
 1248223   988898       34   55.80%            5      29478
 1278379   989648       17   56.37%            5      29508
 1271786   989804       17   56.23%            5      29504
 1284261   989573       17   56.48%            5      29477
 1291480   989663       17   56.62%            5      29514
 1256256   986106       59   56.02%            5      29487
 1302702   989731       20   56.83%            5      29510
 1336936   988955       18   57.48%            5      29467
 1330072   988819        9   57.36%            5      29472
 1352130   988651       14   57.76%            5      29484
 1372316   988908       20   58.12%            5      29476
 1352917   987545       91   57.81%            5      29491
 1335801   989087      156   57.46%            5      29497
 1353050   990064       44   57.75%            5      29516
 1327762   988616       54   57.32%            5      29498
 1346628   989732       17   57.64%            5      29515
 1357727   989667       17   57.84%            5      29473
 1362397   987972       57   57.97%            5      29490
 1364367   989763       17   57.96%            5      29506
 1372352   988933       17   58.12%            5      29498
 1344268   989441       17   57.60%            5      29491
 1337562   988939       18   57.49%            5      29505
 1352651   990083       18   57.74%            5      29500
 1330105   987442       87   57.39%            5      29501
 1354779   990073       18   57.78%            5      29489
 1348422   989326      107   57.68%            5      29504
 1363236   986737       52   58.01%            5      29473
 1359897   987471       25   57.93%            5      29496
 1342490   989262       19   57.57%            5      29509
 1347209   987964       57   57.69%            5      29476
 1313069   987401       76   57.08%            6      29483
 1338992   988350      141   57.53%            6      29487
 1349150   989993       18   57.68%            6      29511
 1369189   987713       47   58.09%            6      29490
 1346094   987665       88   57.68%            6      29499
 1354541   986720       91   57.86%            6      29504
 1340229   989552       20   57.53%            6      29490
 1348388   987790       44   57.72%            6      29499
 1347420   989173       31   57.67%            6      29484
 1341303   989831       45   57.54%            6      29494
 1355921   988137       20   57.85%            6      29475
 1325294   984294      265   57.38%            6      29492
 1338998   989945       25   57.49%            6      29502
 1341826   990307       17   57.54%            6      29484
 1346854   988921       18   57.66%            6      29513
 1341780   989481       18   57.56%            6      29491
 1346193   989874       18   57.63%            6      29487
 1361831   987459       57   57.97%            6      29501
 1337046   990171       17   57.45%            6      29490
 1350976   989220       17   57.73%            6      29505
 1358752   989257       17   57.87%            6      29484
 1329499   989827       18   57.32%            6      29501
 1352888   989303       18   57.76%            6      29494
 1358404   987169       58   57.91%            6      29507
 1346242   989034       19   57.65%            6      29484
 1330012   989957       19   57.33%            6      29473
 1352431   989322       19   57.75%            6      29480
 1349885   989849       19   57.69%            6      29490
 1339334   989841       20   57.50%            6      29507
 1350028   988101       57   57.74%            6      29487
 1352312   987653       34   57.79%            6      29495
 1334315   990144       41   57.40%            6      29464
 1351709   989773       17   57.73%            6      29495
 1340413   988759      102   57.55%            6      29477
 1328841   988878       55   57.33%            6      29513
 1352708   987640       59   57.80%            6      29499
 1352927   989817       21   57.75%            6      29510
 1341597   989498       19   57.55%            6      29517
 1349442   989211        9   57.70%            6      29502
 1354309   989654       15   57.78%            6      29489
 1350563   987999       21   57.75%            6      29493
 1349558   987929       53   57.74%            6      29481
 1366886   989664       16   58.00%            6      29496
 1330132   989224       28   57.35%            6      29489
 1335252   989725      101   57.43%            6      29498
 1347113   988750      121   57.67%            6      29510
 1343613   987891       46   57.63%            6      29468
 1321474   987818      139   57.22%            6      29500
 1353801   989465       43   57.77%            6      29486
 1344126   988605       18   57.62%            6      29498
 1339566   988621       56   57.54%            6      29506
 1358187   989988       19   57.84%            6      29499
 1339462   988506       19   57.54%            6      29481
 1351360   987418       58   57.78%            6      29503
 1354887   989361       18   57.80%            6      29488
 1339865   988637       29   57.54%            6      29501
 1330825   990075       46   57.34%            6      29490
 1340478   988277       77   57.56%            6      29515
 1351664   988917       48   57.75%            6      29491
 1337746   985204      100   57.59%            6      29512
 1357780   988433       34   57.87%            6      29495
 1324763   989141      105   57.25%            7      29501
 1340991   989715       43   57.54%            7      29474
 1341178   987987      106   57.58%            7      29499
 1352382   987113       59   57.81%            7      29497
 1344876   986965       58   57.67%            7      29496
 1345840   988923       20   57.64%            7      29473
 1347425   989062       19   57.67%            7      29487
 1320230   989116        9   57.17%            7      29494
 1335139   989427       14   57.44%            7      29472
 1341851   989677       20   57.55%            7      29488
 1328535   986807       59   57.38%            7      29501
 1341150   989170       16   57.55%            7      29507
 1344242   989233       16   57.61%            7      29494
 1321606   990024       54   57.17%            7      29511
 1302935   989829       80   56.83%            7      29491
 1338761   989186      120   57.51%            7      29488
 1331171   986354       83   57.44%            7      29501
 1313076   989518       26   57.03%            7      29488
 1335541   989775       17   57.43%            7      29498
 1330124   989463       18   57.34%            7      29498
 1324212   990181       18   57.22%            7      29508
stop
