    HITS   MISSES  DIRTIES HITRATIO   BUFFERS_MB  CACHED_MB
 1779846  1040739       75   63.10%           14       4344
 1663643   990636       20   62.68%           14       8215
 1672947   990697       17   62.81%           14      12084
 1657554   990654       17   62.59%           14      15954
 1649507   989722       16   62.50%           14      19821
 1659949   990148       18   62.64%           14      23689
 1638760   986619       54   62.42%           14      27542
 1630892   989956       19   62.23%            5      29319
 1627595   990519       18   62.17%            5      29303
 1624631   990292       18   62.13%            5      29307
 1596716   988876       43   61.75%            5      29305
 1580514   989725       85   61.49%            5      29346
 1612552   987521       86   62.02%            5      29322
 1610993   987796       60   61.99%            5      29303
 1626396   990232       18   62.16%            5      29315
 1613016   990620       19   61.95%            5      29328
 1601448   990289       44   61.79%            5      29339
 1629449   990065       18   62.20%            5      29322
 1581938   987597      145   61.57%            6      29316
 1593260   989016       47   61.70%            6      29294
 1623231   989728       28   62.12%            6      29303
 1628006   988476       34   62.22%            6      29331
 1568634   991250       45   61.28%            6      29323
 1623989   989626      106   62.14%            6      29297
 1623301   987935       57   62.17%            6      29335
 1611953   989563       52   61.96%            6      29316
 1638485   988881       31   62.36%            6      29344
 1633671   989942       21   62.27%            6      29318
 1593406   990426       20   61.67%            6      29324
 1647504   990701        9   62.45%            6      29302
 1740263   987721       55   63.79%            6      29332
 1703325   989736       21   63.25%            6      29312
 1709736   990675       16   63.31%            6      29347
 1718235   990498       16   63.43%            6      29310
 1719025   990903       16   63.43%            6      29317
 1698283   990608       17   63.16%            6      29322
 1724766   990250       56   63.53%            6      29313
 1713544   991076       19   63.36%            6      29321
 1693249   988371       17   63.14%            6      29325
 1725215   990154       18   63.54%            6      29293
 1714509   989868       18   63.40%            6      29332
 1709125   990135       18   63.32%            6      29336
 1712898   988281       55   63.41%            6      29296
 1731156   989692       19   63.63%            6      29335
 1685657   990772       42   62.98%            6      29327
 1727622   990641       17   63.56%            6      29318
 1677487   987855      111   62.94%            6      29321
 1708687   989334       47   63.33%            6      29329
 1728202   985887       70   63.68%            6      29316
 1724943   990650       21   63.52%            6      29323
 1688149   990475       18   63.02%            6      29328
 1719219   987497       35   63.52%            6      29329
 1730798   989882       18   63.62%            6      29340
 1683109   990771       44   62.95%            6      29317
 1682619   988288      141   63.00%            6      29344
 1712869   990510       18   63.36%            6      29327
 1704588   988174       59   63.30%            6      29324
 1728372   990532       20   63.57%            6      29335
 1730227   989973       18   63.61%            6      29318
 1706669   988365       36   63.33%            6      29329
 1670309   981848      145   62.98%            7      29316
 1718298   990330       25   63.44%            7      29299
 1702535   988843       46   63.26%            7      29333
 1698952   989917       27   63.18%            7      29344
 1721396   989945       17   63.49%            7      29304
 1712590   990162       18   63.36%            7      29330
 1709820   988268       53   63.37%            7      29319
 1738401   988507       18   63.75%            7      29303
 1694758   988740       17   63.15%            7      29338
 1706901   990264       17   63.29%            7      29317
 1731656   990638       17   63.61%            7      29298
 1726530   990242       17   63.55%            7      29303
 1683142   988481       57   63.00%            7      29300
 1706682   990254       20   63.28%            7      29319
 1712586   990610       19   63.35%            7      29304
 1707473   989736       19   63.31%            7      29335
 1706616   990394       19   63.28%            7      29337
 1717265   990578       19   63.42%            7      29304
 1715612   987816       57   63.46%            7      29305
 1715319   990114       20   63.40%            7      29309
 1721485   990192       17   63.48%            7      29321
 1717137   988734       35   63.46%            7      29327
 1646028   988846      133   62.47%            7      29318
 1689943   990610       46   63.04%            7      29331
 1696002   987820       58   63.19%            7      29334
 1704694   988659       47   63.29%            7      29310
 1717333   990040       55   63.43%            7      29321
 1693597   990515       21   63.10%            7      29320
 1703093   990577       19   63.23%            7      29311
 1719953   990088       40   63.47%            7      29308
 1704611   985590       63   63.36%            7      29344
 1704503   989841       21   63.26%            7      29326
 1693138   988904       16   63.13%            7      29325
 1694080   989293       17   63.13%            7      29333
 1706176   990561       17   63.27%            7      29296
 1722954   990501       18   63.50%            7      29329
 1695642   988353       59   63.18%            7      29312
 1693221   989803       19   63.11%            7      29295
 1722192   990185       18   63.49%            7      29326
 1711229   990148       17   63.35%            7      29331
 1698437   990713       18   63.16%            7      29330
 1703161   989103       18   63.26%            7      29330
 1711488   987582       56   63.41%            7      29304
 1692230   990697       20   63.07%            7      29338
 1712796   990402       19   63.36%            7      29316
 1712619   990586       19   63.36%            7      29299
 1679549   990108       23   62.91%            7      29325
 1679868   990545       18   62.91%            7      29345
 1691623   988277       59   63.12%            7      29306
 1685606   990627       20   62.98%            8      29318
 1718539   990553       18   63.44%            8      29314
 1723101   988587       37   63.54%            8      29323
 1676213   990692       17   62.85%            8      29330
 1697818   987676       18   63.22%            8      29303
 1682511   988704       55   62.99%            8      29336
 1696790   989534       19   63.16%            8      29317
 1724444   990182       18   63.52%            8      29321
 1715542   990128       21   63.41%            8      29303
 1696242   989594       47   63.16%            8      29312
 1698095   990481       20   63.16%            8      29323
 1691373   987191      148   63.14%            8      29317
 1686485   989402       50   63.03%            8      29304
 1694464   989019       26   63.14%            8      29290
 1712987   987987       16   63.42%            8      29336
 1700246   989819       16   63.20%            8      29324
 1697790   989741       17   63.17%            8      29298
 1727538   987221       56   63.64%            8      29341
 1700512   990030       24   63.20%            8      29338
 1698035   990307       37   63.16%            8      29321
 1695728   988790      177   63.17%           12      29314
 1648683   989634       71   62.49%           12      29323
 1656675   990884       28   62.57%           12      29331
 1678221   986517       61   62.98%           12      29314
 1675340   990629       17   62.84%           12      29312
 1656328   989643       18   62.60%           12      29315
stop
