    HITS   MISSES  DIRTIES HITRATIO   BUFFERS_MB  CACHED_MB
 1665882  1045676       29   61.44%           14       4410
 1407439   990413       18   58.70%           14       8278
 1418042   990535      107   58.87%           15      12147
 1430374   991406       18   59.06%           15      16020
 1414833   987819       62   58.89%           15      19878
 1411352   990255       55   58.77%           15      23746
 1387903   991008       18   58.34%           15      27617
 1359977   990214       19   57.87%           15      29236
 1362584   991667       19   57.88%           15      29238
 1348634   985157       35   57.79%           15      29198
 1355414   986697       58   57.87%            5      29235
 1347308   991029       22   57.62%            5      29228
 1334581   987207       25   57.48%            5      29248
 1346197   988397       21   57.66%            5      29248
 1367712   981235       21   58.23%            5      29252
 1337497   988578       32   57.50%            5      29237
 1362022   986810       50   57.99%            5      29228
 1345570   988871       11   57.64%            5      29256
 1331573   988708       15   57.39%            5      29241
 1350062   989089       20   57.72%            5      29242
 1343710   990973       17   57.55%            5      29276
 1327601   991011       17   57.26%            5      29290
 1355568   988319       56   57.83%            5      29264
 1321064   991354       18   57.13%            5      29250
 1326822   990839       24   57.25%            5      29274
 1253690   990086       86   55.87%            5      29252
 1306473   991127       46   56.86%            5      29252
 1337636   988364       47   57.51%            5      29300
 1341361   987283       72   57.60%            5      29287
 1321581   991272       19   57.14%            5      29269
 1466926   990765       19   59.69%            5      29290
 1523837   987047       19   60.69%            5      29277
 1513939   990921       20   60.44%            5      29279
 1501698   990571       20   60.25%            5      29289
 1472795   986351       58   59.89%            5      29298
 1489762   990325       20   60.07%            5      29307
 1501619   990822       19   60.25%            5      29314
 1402351   991125       20   58.59%            5      29279
 1461476   988602      104   59.65%            6      29312
 1477487   990728       19   59.86%            6      29298
 1459836   987925       60   59.64%            6      29313
 1491198   989984       58   60.10%            6      29296
 1485709   990784       20   59.99%            6      29313
 1463243   991578       22   59.61%            6      29311
 1455219   990824       24   59.49%            6      29322
 1449935   988934      152   59.45%            6      29315
 1457883   988935       45   59.58%            6      29312
 1475887   990315       36   59.84%            6      29288
 1418982   990106       85   58.90%            6      29291
 1453901   988099       40   59.54%            6      29306
 1465377   991579       16   59.64%            6      29295
 1432299   989954       45   59.13%            6      29311
 1468745   987531       90   59.80%            6      29304
 1474563   990786       19   59.81%            6      29289
 1441987   989860       20   59.30%            6      29326
 1451787   986793       68   59.53%            6      29312
 1393259   984726       31   58.59%            6      29313
 1297430   980270       19   56.96%            6      29296
 1162885   988319       57   54.06%            6      29308
 1047028   990298       19   51.39%            6      29330
  985040   989184       18   49.90%            6      29321
  947420   987006       19   48.98%            6      29292
  962680   980615       19   49.54%            6      29316
  929375   986961       19   48.50%            6      29320
  948829   975871       63   49.30%            7      29323
  922531   983703       20   48.40%            7      29304
  930207   984290       21   48.59%            7      29322
  906273   988450       21   47.83%            7      29318
  899897   985717       39   47.72%            7      29325
  893951   985921       21   47.55%            7      29311
  911694   985752       60   48.05%            7      29296
  902460   987900       31   47.74%            7      29295
  887285   987549       39   47.33%            7      29295
  912706   986092       21   48.07%            7      29317
  926932   984017       21   48.51%            7      29315
  889436   985270       58   47.44%            7      29299
  905150   986487       59   47.85%            7      29334
  903302   988369       10   47.75%            7      29300
  908232   987237       15   47.92%            7      29308
  901859   987358       20   47.74%            7      29320
  896253   986008       17   47.62%            7      29299
  900055   987395       17   47.69%            7      29327
  896289   986565       79   47.60%            7      29315
  916790   986354       17   48.17%            7      29329
  902667   987815       16   47.75%            7      29303
  901595   987225       52   47.73%            7      29298
  907806   987293      107   47.90%           10      29312
  890660   988355       78   47.40%           11      29306
  894829   986611       60   47.56%           10      29320
  880971   988564       20   47.12%           10      29307
  883224   986983       19   47.23%           10      29323
  871217   986520       19   46.90%           10      29295
  876204   986765       20   47.03%           10      29292
  901155   987779       19   47.71%           10      29314
  903071   984892       60   47.83%           10      29295
  882023   988090       18   47.16%           10      29315
  891594   986629       18   47.47%           10      29322
  903403   988199       19   47.76%           10      29323
  901138   984615       36   47.79%           10      29312
  898708   983356       21   47.75%           10      29311
  898306   981140       62   47.80%           10      29294
  891028   986316       22   47.46%           10      29307
  931260   988750       21   48.50%           10      29295
  892298   985118       21   47.53%           10      29328
  902599   985248       22   47.81%           10      29315
  898214   989710       22   47.58%           10      29299
  903032   984002       54   47.85%           10      29315
  896028   988668       10   47.54%           10      29308
  885699   989273       19   47.24%           10      29313
  896514   989066       17   47.55%           10      29313
  893312   986132       16   47.53%           10      29293
  895845   985231       18   47.62%           10      29296
  902865   984056       58   47.85%           10      29303
  906986   988339       18   47.85%           10      29302
  894008   981671       18   47.66%           10      29298
  897027   988622       17   47.57%           10      29297
  904791   982763       32   47.93%           10      29320
  904384   984336        7   47.88%           10      29312
  936965   985443       56   48.74%           10      29308
  907796   979823       20   48.09%           10      29305
  877838   988838       54   47.03%           10      29323
  911289   990182       20   47.93%           10      29291
  928029   984446       20   48.53%           10      29316
  909719   986112       20   47.99%           10      29315
  926771   985183       62   48.47%           10      29325
  903736   986834       20   47.80%           10      29325
  930396   985490       20   48.56%           10      29303
  898981   987292       21   47.66%           10      29297
  893581   986932       38   47.52%           10      29326
  894568   986824       19   47.55%           10      29301
  903836   985394       61   47.84%           10      29287
  889596   987159       26   47.40%           10      29324
  875924   985980       21   47.04%           10      29315
  918364   988235       22   48.17%           10      29311
  888190   989197       72   47.31%           10      29313
stop
