    HITS   MISSES  DIRTIES HITRATIO   BUFFERS_MB  CACHED_MB
 1789318  1042569       71   63.18%           14       4387
 1665733   988270       60   62.76%           14       8247
 1665064   989820       21   62.72%           14      12113
 1635148   990248       21   62.28%           14      15981
 1626076   990557       22   62.14%           14      19851
 1620368   990154       26   62.07%           14      23718
 1568102   990458       13   61.29%           14      27586
 1566677   988008       50   61.33%           14      29352
 1544092   989277       16   60.95%           14      29345
 1525549   989902       21   60.65%            5      29368
 1519259   989839       16   60.55%            5      29372
 1516424   988215       18   60.54%            5      29336
 1596714   946536       18   62.78%            5      29373
 1526743   984761       55   60.79%            5      29376
 1519888   987647       19   60.61%            5      29369
 1519984   987999       18   60.61%            5      29404
 1518906   989120       19   60.56%            5      29370
 1519736   990073       19   60.55%            5      29376
 1513451   988478       19   60.49%            5      29385
 1529026   987239       62   60.77%            5      29384
 1518445   988188       20   60.58%            5      29417
 1509479   989020       20   60.42%            5      29409
 1531829   989018       20   60.77%            5      29415
 1514496   989506       18   60.48%            5      29404
 1503931   988674       89   60.34%            5      29421
 1525726   986568       83   60.73%            6      29421
 1504342   989675       19   60.32%            5      29385
 1514872   987748       48   60.53%            5      29406
 1525318   988677       49   60.67%            5      29420
 1488358   988152       46   60.10%            5      29406
 1558507   989985       20   61.15%            5      29411
 1613718   984816      151   62.10%            5      29403
 1584069   988535       52   61.57%            5      29415
 1586535   990279       31   61.57%            5      29409
 1589304   989928       22   61.62%            5      29392
 1515076   989704       47   60.49%            5      29397
 1498063   989589       82   60.22%            5      29426
 1463628   985239      147   59.77%            5      29433
 1422758   987952       45   59.02%            6      29411
 1373684   989814       29   58.12%            6      29426
 1355936   988376       17   57.84%            6      29428
 1293221   990992       18   56.62%            6      29403
 1248531   987784       18   55.83%            6      29409
 1235389   986579       61   55.60%            6      29423
 1212479   989574       18   55.06%            6      29422
 1195707   986076       19   54.80%            6      29412
 1179504   987367       24   54.43%            6      29410
 1181906   990343       41   54.41%            6      29430
 1177865   989752       19   54.34%            6      29410
 1189509   979480       91   54.84%            6      29410
 1165136   983487      113   54.23%            6      29391
 1150958   988732       19   53.79%            6      29419
 1178924   982263       18   54.55%            5      29383
 1147409   989238       49   53.70%            5      29438
 1120858   988109       57   53.15%            5      29417
 1132263   982921       59   53.53%            5      29435
 1105784   988004       22   52.81%            4      29437
 1112501   985336       56   53.03%            4      29396
 1140466   985483       38   53.65%            4      29441
 1136923   988928       21   53.48%            4      29429
 1129736   983123       26   53.47%            4      29388
 1116124   984326       80   53.14%            4      29436
 1150810   986406       22   53.85%            4      29424
 1112719   986713       48   53.00%            4      29414
 1128821   986017       31   53.38%            4      29435
 1128916   988680       26   53.31%            4      29416
 1120592   987794       13   53.15%            4      29432
 1120254   986323       53   53.18%            4      29410
 1128019   985448      145   53.37%            4      29434
 1134103   986183       40   53.49%            4      29426
 1133574   987792       18   53.44%            4      29424
 1138880   987084       58   53.57%            4      29419
 1130822   985061       27   53.44%            4      29419
 1129019   985328       96   53.40%            4      29396
 1081733   989086       68   52.24%            4      29406
 1089397   989195      109   52.41%            4      29402
 1110617   985786       67   52.98%            4      29428
 1122495   986890        7   53.21%            4      29420
 1126159   989659       19   53.23%            4      29401
 1107021   985576       59   52.90%            4      29399
 1097770   989446       20   52.59%            4      29439
 1134401   989083       20   53.42%            4      29419
 1107307   988422       18   52.84%            4      29398
 1125912   985661       18   53.32%            4      29420
 1129465   987756       18   53.35%            4      29446
 1117256   983943       84   53.17%            4      29439
 1118313   989086       22   53.07%            4      29447
 1131240   988724       21   53.36%            4      29395
 1130017   985433       75   53.42%            4      29418
 1103931   986865       46   52.80%            4      29432
 1125089   988338       21   53.24%            4      29428
 1102085   987188       65   52.75%            4      29418
 1093000   987692      167   52.53%            4      29418
 1141427   989127       45   53.57%            4      29384
 1087727   989704       22   52.36%            4      29409
 1123820   984397       67   53.31%            4      29438
 1125569   986762        4   53.29%            4      29434
 1139845   985596       50   53.63%            4      29419
 1119862   986936       16   53.15%            4      29412
 1121985   989243       28   53.14%            4      29442
 1098266   988605       84   52.63%            4      29445
 1086967   989135       40   52.36%            4      29444
 1090804   987101      134   52.50%            4      29412
 1126885   984421       80   53.37%            5      29421
 1105251   986244       91   52.85%            5      29439
 1111705   988996       79   52.92%            5      29413
 1120896   989606       21   53.11%            4      29414
 1118104   988788       19   53.07%            4      29433
 1113646   989752       18   52.95%            4      29414
 1127636   987355       56   53.32%            4      29419
 1113747   988964       21   52.97%            4      29438
 1135301   988098       20   53.47%            4      29403
 1136980   986132       18   53.55%            4      29394
 1146203   976676       46   53.99%            4      29401
 1083753   989477       68   52.27%            4      29429
 1133100   983504       83   53.53%            4      29440
 1130621   983709       62   53.47%            5      29417
 1120259   988733       21   53.12%            5      29402
 1142543   988862       41   53.61%            5      29421
 1107438   990849       21   52.78%            5      29396
 1116393   990130       21   53.00%            5      29390
 1140137   986797       61   53.60%            5      29418
 1102770   989795       22   52.70%            5      29424
 1137062   987821       22   53.51%            5      29434
 1143971   985042       21   53.73%            5      29434
 1099062   987785       27   52.67%            5      29441
 1130432   989271       13   53.33%            5      29443
 1114899   986937       50   53.04%            5      29397
 1109335   986489       16   52.93%            5      29387
 1126505   989318       21   53.24%            5      29405
 1106468   990080       17   52.78%            5      29421
 1118918   987220       23   53.13%            5      29418
 1130104   987979       39   53.36%            5      29429
 1124796   987150       86   53.26%            5      29392
 1109189   988417       57   52.88%            5      29434
stop
