    HITS   MISSES  DIRTIES HITRATIO   BUFFERS_MB  CACHED_MB
 1641018  1045315       22   61.09%           14       4401
 1449339   989232       57   59.43%           14       8266
 1410621   990503       21   58.75%           14      12135
 1434282   991034       20   59.14%           14      16004
 1419546   991812       20   58.87%           14      19880
 1383626   991779       13   58.25%           14      23753
 1373107   991819       10   58.06%           14      27629
 1367574   989371       55   58.02%            4      29237
 1353507   990476       18   57.74%            4      29247
 1343502   988383       17   57.61%            4      29261
 1361547   991680       17   57.86%            4      29258
 1341818   991867       21   57.50%            6      29246
 1361925   990531       43   57.89%            6      29237
 1367580   988898       56   58.03%            6      29236
 1333641   990868       18   57.37%            6      29265
 1363208   991647       17   57.89%            6      29254
 1344200   991354       17   57.55%            6      29240
 1348617   987149       17   57.74%            6      29233
 1348931   991318       19   57.64%            6      29249
 1364941   987723       56   58.02%            6      29244
 1327419   991140       19   57.25%            6      29251
 1353565   991428       71   57.72%            9      29258
 1371457   991303       24   58.04%            9      29223
 1335145   990864       21   57.40%            9      29252
 1330343   991689       19   57.29%            9      29270
 1369468   988124       58   58.09%            9      29244
 1327150   991227       20   57.24%            9      29259
 1332604   990544       35   57.36%            9      29265
 1373285   990248       22   58.10%            9      29255
 1339145   984614       19   57.63%            9      29260
 1438423   987129       19   59.30%            9      29237
 1466757   989116       61   59.72%            9      29237
 1496987   991281       20   60.16%            9      29229
 1476391   990923       23   59.84%            9      29232
 1536677   991353       22   60.79%            9      29241
 1509427   991533       13   60.35%            9      29250
 1484110   990816       10   59.97%            9      29228
 1472617   986780       54   59.88%            9      29227
 1495309   989652       99   60.17%            9      29257
 1470733   990928       18   59.75%            9      29236
 1502975   991732       17   60.25%            9      29247
 1491040   991477       18   60.06%            9      29234
 1471217   991756       18   59.73%            9      29244
 1504177   988242       58   60.35%            9      29235
 1488711   990478       20   60.05%            9      29239
 1451889   987006       18   59.53%            9      29254
 1448165   990136       18   59.39%            9      29251
 1478834   991385       18   59.87%            9      29238
 1472409   991319       18   59.76%            9      29239
 1500084   988450       58   60.28%           10      29252
 1517320   990830       18   60.50%           10      29238
 1470522   991617       19   59.73%           10      29225
 1500540   990501       19   60.24%           10      29260
 1517842   991603       23   60.49%           10      29248
 1474962   991505       19   59.80%           10      29252
 1480925   989539       60   59.95%           10      29219
 1512600   990887       20   60.42%           10      29239
 1482117   989231       39   59.97%           10      29225
 1481587   991744       20   59.90%           10      29257
 1516650   991585       20   60.47%           10      29245
 1489406   990655       20   60.06%           10      29244
 1476637   987937       60   59.91%           10      29261
 1510699   991218       19   60.38%           10      29249
 1498540   991283       21   60.19%           10      29257
 1474034   990130       21   59.82%           10      29240
 1507892   991800       13   60.32%           10      29245
 1483476   991809       10   59.93%           10      29247
 1490842   989171       58   60.11%           10      29241
 1534484   992039      117   60.74%           10      29226
 1456302   991673       17   59.49%           10      29230
 1463311   990702       16   59.63%           10      29249
 1441570   991392       18   59.25%           10      29260
 1482573   991904       18   59.91%           10      29242
 1472357   988112       56   59.84%           10      29238
 1490200   989631       18   60.09%           10      29219
 1490576   991394      112   60.06%           11      29254
 1469286   987529       57   59.80%           11      29234
 1456072   992060        6   59.48%           11      29223
 1475850   990973       19   59.83%           11      29231
 1458393   989233       61   59.58%           11      29268
 1406934   989729       19   58.70%           11      29248
 1480430   988580       19   59.96%           11      29227
 1454799   992105       18   59.45%           11      29253
 1456319   990557       18   59.52%           11      29223
 1476977   990329       19   59.86%           11      29250
 1457059   988979       57   59.57%           11      29249
 1444206   989333       20   59.35%           11      29250
 1487485   988560       37   60.08%           11      29226
 1471122   991842       20   59.73%           11      29259
 1451911   991215       20   59.43%           11      29239
 1492593   989929       20   60.12%           11      29235
 1482726   988023       60   60.01%           11      29253
 1453456   991630       20   59.44%           11      29234
 1489301   990566       21   60.06%           11      29240
 1482011   987723       21   60.01%           11      29242
 1455978   989648       13   59.53%           11      29266
 1463119   991696       10   59.60%           11      29226
 1483768   985487       56   60.09%           11      29234
 1455066   984984      129   59.63%           11      29224
 1372106   991607       20   58.05%           11      29256
 1470718   990481       17   59.76%           11      29261
 1460965   991185       18   59.58%           11      29241
 1485261   987770       17   60.06%           11      29259
 1484229   988728       58   60.02%           11      29250
 1457285   990357       18   59.54%           11      29254
 1459147   991636       18   59.54%           11      29258
 1457487   991170       18   59.52%           11      29237
 1472531   990085       18   59.80%           11      29242
 1414797   990675       19   58.82%           11      29263
 1487829   989236       56   60.06%           11      29242
 1479587   987951       18   59.96%           11      29237
 1478569   989383       19   59.91%           11      29238
 1527398   990860       19   60.65%           11      29252
 1475565   989798       22   59.85%           11      29227
 1474815   990497       18   59.82%           11      29225
 1519526   988449       63   60.59%           11      29245
 1475441   991680       20   59.80%           11      29240
 1471946   988816       34   59.82%           11      29233
 1510411   990297       19   60.40%           11      29245
 1493712   987375       19   60.20%           11      29231
 1479682   988500       20   59.95%           11      29236
 1518600   987178       58   60.60%           11      29258
 1486466   991340       19   59.99%           11      29245
 1468302   991592       21   59.69%           11      29254
 1512593   988710      113   60.47%           12      29253
 1475607   990671       54   59.83%           12      29251
 1462203   989907       13   59.63%           12      29256
 1482416   988748       57   59.99%           12      29225
 1463567   991088       24   59.62%           12      29226
 1469031   990963       16   59.72%           12      29239
 1495026   990500       17   60.15%           12      29246
 1472994   991680       18   59.76%           12      29228
 1482957   990592       17   59.95%           12      29227
 1477356   988855       55   59.90%           12      29248
 1478776   991654       18   59.86%           12      29235
stop
