    HITS   MISSES  DIRTIES HITRATIO   BUFFERS_MB  CACHED_MB
 1787613  1071413       27   62.53%           13       4467
 1644350   990501       18   62.41%           13       8336
 1645719   989416       21   62.45%           14      12200
 1625482   985677       57   62.25%           14      16050
 1598699   990443       19   61.75%           14      19919
 1563055   990419       19   61.21%           14      23788
 1521088   990168       19   60.57%           14      27656
 1491198   990319       20   60.09%           13      29450
 1456241   989896       20   59.53%           13      29427
 1454187   987329       60   59.56%            4      29472
 1445742   990080       18   59.35%            4      29469
 1465327   986875       18   59.76%            4      29475
 1449944   986024       19   59.52%            4      29458
 1451031   987353       21   59.51%            4      29477
 1459122   985335       38   59.69%            4      29472
 1447290   987649       58   59.44%            4      29485
 1450956   989700       19   59.45%            4      29498
 1452852   989353       21   59.49%            4      29504
 1459920   989128       21   59.61%            4      29476
 1428933   988811       20   59.10%            4      29501
 1423786   988194       77   59.03%            7      29479
 1401244   984782       76   58.73%            7      29491
 1326420   990484        4   57.25%            7      29511
 1243284   987938      106   55.72%            7      29515
 1186988   989274       36   54.54%            7      29506
 1119177   989007       19   53.09%            7      29470
 1068832   986062       55   52.01%            7      29464
 1027261   984005       55   51.08%            7      29495
  997628   987123       17   50.26%            7      29504
  995306   987277       17   50.20%            7      29518
 1008500   985103       22   50.59%            7      29521
  987461   987658       39   50.00%            7      29522
  960240   986703       66   49.32%            7      29524
  977644   985714      115   49.79%            6      29515
 1003741   988779       27   50.38%            6      29517
  969105   987576       18   49.53%            6      29515
  974019   989383       23   49.61%            6      29536
  967188   989367       19   49.43%            6      29509
  984773   987854       17   49.92%            5      29515
  985268   985243       57   50.00%            5      29536
  978782   990414       23   49.70%            5      29515
  974012   987089       49   49.67%            5      29503
  971282   988480       90   49.56%            5      29495
  988374   987448      135   50.02%            5      29519
  967307   987923       63   49.47%            5      29531
 1006701   988367       64   50.46%            5      29520
  986155   987767       61   49.96%            5      29523
 1011278   989975       20   50.53%            5      29511
  983500   988602       72   49.87%            5      29519
 1005260   989776       48   50.39%            5      29509
  969763   987047       47   49.56%            5      29523
  962213   986513      159   49.38%            6      29516
 1000579   988621       14   50.30%            6      29521
  984888   989779       10   49.88%            6      29534
 1009287   987518       15   50.55%            6      29511
 1001720   988851       21   50.32%            6      29520
  961753   989006       17   49.30%            5      29526
  975450   987199       58   49.70%            5      29495
  999865   989241       22   50.27%            5      29522
 1022112   988767       98   50.83%            5      29505
  988521   988744       54   49.99%            5      29513
 1003033   988499       70   50.36%            5      29516
  979135   988348      113   49.77%            5      29524
 1002580   986722       64   50.40%            6      29534
  929107   989234       18   48.43%            5      29532
  978457   987419      118   49.77%            6      29526
  992288   989245       19   50.08%            6      29515
 1015777   987538       20   50.70%            5      29495
 1002030   989024       18   50.33%            5      29497
  962402   985036       65   49.42%            6      29516
  998575   989262       41   50.23%            6      29515
  981658   989124       19   49.81%            6      29530
 1000548   987230       49   50.33%            6      29502
  993079   988193       84   50.12%            6      29508
  967292   986752      114   49.50%            6      29513
  935270   987274       88   48.65%            6      29528
  970981   988595       51   49.55%            6      29512
  984363   987989       30   49.91%            6      29515
 1017428   990014       24   50.68%            6      29523
  922302   988255       94   48.27%            6      29497
  968117   987189       51   49.51%            6      29515
  974874   985201      124   49.74%            6      29523
  959509   989395       14   49.23%            6      29510
  988995   989241       10   49.99%            6      29492
  995554   989675       63   50.15%            7      29518
  946109   989892       22   48.87%            7      29495
  974773   989339       38   49.63%            7      29518
  998291   986391      120   50.30%            6      29508
 1002789   987918       72   50.37%            6      29510
  975419   988814       26   49.66%            6      29509
  937648   986857       17   48.72%            6      29525
  999967   989541       23   50.26%            6      29515
  991065   988891      102   50.05%            6      29503
  973394   984061      119   49.73%            6      29483
  966391   988950       75   49.42%            6      29486
 1035087   989995       21   51.11%            6      29513
 1012122   989243       24   50.57%            6      29498
 1008203   989845       41   50.46%            6      29517
 1036315   988587      147   51.18%            5      29513
  971879   985172       93   49.66%            5      29504
 1025368   982714       25   51.06%            5      29513
 1015960   980480       18   50.89%            5      29495
  975506   986827       20   49.71%            5      29511
  949013   989350       19   48.96%            5      29523
  996455   987887       37   50.22%            5      29520
  968840   986765       64   49.54%            4      29499
  949795   988545       49   49.00%            4      29516
  995948   989961       22   50.15%            4      29495
  961919   988157       22   49.33%            4      29506
  991307   987475      142   50.10%            5      29525
  936791   988888       22   48.65%            5      29513
  967198   986579       62   49.50%            5      29509
  975127   987623       54   49.68%            5      29499
  997088   990129       10   50.18%            5      29503
  971592   988455       15   49.57%            5      29501
  941918   989198       21   48.78%            5      29528
  963696   988403       22   49.37%            5      29528
 1004820   986619       82   50.46%            5      29514
  968339   986981       20   49.52%            5      29488
  973466   986738       46   49.66%            5      29496
  962943   988053      123   49.36%            5      29506
  973291   988325       83   49.62%            5      29515
  948780   987964       24   48.99%            5      29487
  924639   984940       94   48.42%            5      29500
  961702   988663       19   49.31%            5      29523
  968502   987643       19   49.51%            5      29498
  962117   989291       20   49.30%            5      29497
  963778   988624       46   49.36%            5      29495
  957369   988477       20   49.20%            5      29504
  982314   986456       60   49.89%            5      29503
  948097   986921       57   49.00%            5      29530
  927776   986196      111   48.47%            5      29518
  947896   988534       21   48.95%            5      29489
  944624   989046       21   48.85%            5      29487
  932031   986194       80   48.59%            5      29512
stop
