    HITS   MISSES  DIRTIES HITRATIO   BUFFERS_MB  CACHED_MB
 1792325  1051102       28   63.03%           27       4587
 1595967   990683       27   61.70%           28       8455
 1551529   989463       77   61.06%           28      12320
 1539030   990448       17   60.84%           28      16189
 1494839   990309       17   60.15%           28      20057
 1453457   990482       17   59.47%           28      23925
 1397245   990103       18   58.53%           28      27793
 1326616   990332      103   57.26%           18      29493
 1284962   983462       79   56.65%           18      29560
 1251809   982176       18   56.03%           18      29566
  721757   974344      176   42.55%           14      29598
  357194   974921      184   26.81%           11      29647
  244140   950826        8   20.43%            6      29688
  240461   924084       55   20.65%            5      29715
  259224   909503       57   22.18%            5      29733
  283105   895554       19   24.02%            4      29768
  287682   886150       19   24.51%            3      29766
  293854   885480       66   24.92%            7      29777
  278379   879491       17   24.04%            5      29792
  287898   870098       43   24.86%            3      29790
  279146   885703      209   23.96%            4      29781
  329724   882825       40   27.19%            4      29788
  336401   879756      185   27.66%            3      29806
  361872   876219       55   29.23%            3      29809
  353415   879871       39   28.66%            3      29814
  354598   880546       47   28.71%            3      29814
  346276   888931       59   28.03%            2      29817
  349767   877424       21   28.50%            2      29814
  364726   879626       17   29.31%            2      29823
  351002   880542       18   28.50%            2      29789
  358177   875075       17   29.04%            2      29824
  353312   881131       15   28.62%            2      29800
  365227   879993       54   29.33%            2      29808
  353155   884957       15   28.52%            2      29816
  347492   875219       15   28.42%            2      29823
  362028   874744       15   29.27%            2      29816
  346361   876033       15   28.33%            2      29803
  339584   884670       15   27.74%            2      29814
  347327   879868       57   28.30%            2      29830
  348414   885812       19   28.23%            2      29813
  352807   884343       18   28.52%            2      29814
  364379   876129       19   29.37%            2      29815
  354567   878237       18   28.76%            2      29782
  359885   881430       19   28.99%            2      29790
  361830   874617       82   29.26%            2      29820
  360836   871071       82   29.29%            2      29831
  361275   871512       45   29.31%            2      29808
  359889   876635       46   29.10%            2      29808
  353279   882934       27   28.58%            2      29812
  364634   879252       40   29.31%            2      29809
  368739   876609       55   29.61%            2      29826
  371324   872514       18   29.85%            2      29821
  374711   882761       19   29.80%            2      29812
  374422   876034       20   29.94%            2      29815
  368662   882884       16   29.46%            2      29831
  369397   885560       70   29.44%            2      29796
  361979   878695       83   29.18%            2      29821
  353386   878104       16   28.70%            2      29825
  362626   878468      175   29.22%            2      29825
  369264   876683       44   29.64%            2      29825
  362951   881016       15   29.18%            2      29803
  363459   885023       15   29.11%            2      29813
  358633   881603       62   28.92%            2      29817
  365167   878912        7   29.35%            2      29802
  351225   881923       16   28.48%            2      29807
  356743   875769       16   28.94%            2      29810
  356073   877323       16   28.87%            2      29822
  366010   873640       16   29.53%            2      29829
  361067   883031       59   29.02%            2      29792
  359467   874815       18   29.12%            2      29825
  365942   872249       17   29.55%            2      29828
  373082   882070       17   29.72%            2      29819
  353062   880387       17   28.62%            2      29818
  359070   885208       18   28.86%            2      29828
  358088   882722       68   28.86%            2      29825
  360745   883373       36   29.00%            2      29830
  367075   872623       17   29.61%            2      29792
  360258   880968      117   29.02%            2      29800
  358045   878590       68   28.95%            2      29830
  352043   882379       33   28.52%            2      29798
  421204   891722      765   32.08%            8      29801
  336682   887088       31   27.51%            3      29779
  326629   878846       22   27.10%            2      29809
  347381   874237       30   28.44%            2      29815
  339015   880577      132   27.80%            2      29800
  360878   869683       21   29.33%            2      29777
  348182   876171       74   28.44%            2      29811
  352852   881984       29   28.57%            2      29827
  349181   878083       16   28.45%            2      29806
  344261   878570       24   28.15%            2      29819
  354139   880733       35   28.68%            2      29814
  350190   882583       82   28.41%            2      29800
  356062   882204      123   28.75%            2      29812
  359779   877393       16   29.08%            2      29814
  360162   877659       18   29.10%            2      29779
  356751   880792       18   28.83%            2      29793
  354491   881566       18   28.68%            2      29783
  356216   878963       18   28.84%            2      29822
  355602   882841       60   28.71%            2      29824
  347801   877790       19   28.38%            2      29825
  346471   883715       17   28.16%            2      29820
  350838   878594       17   28.54%            2      29813
  354268   877768       17   28.75%            2      29804
  353506   885624       18   28.53%            2      29811
  360828   881645       72   29.04%            2      29816
  352738   876136       40   28.70%            2      29817
  350714   879638       20   28.51%            2      29810
  365132   874260       20   29.46%            2      29801
  354987   884504      128   28.64%            2      29815
  363375   870043       67   29.46%            2      29806
  358003   884289       60   28.82%            2      29815
  368743   875764       44   29.63%            2      29772
  367644   879663       47   29.48%            2      29803
  565245   888354     1822   38.89%           12      29755
  725899   899105      954   44.67%           10      29708
  546699   899353     2323   37.81%            5      29719
  653055   891447      911   42.28%            4      29785
  299686   881586       32   25.37%            3      29803
  317975   886050       11   26.41%            3      29804
  330435   884722       21   27.19%            2      29806
  324776   883446       39   26.88%            2      29787
  333309   887033       20   27.31%            2      29799
  315732   889776       93   26.19%            2      29792
  320754   883045       26   26.65%            2      29800
  322035   886206       82   26.65%            2      29794
  329822   878327       44   27.30%            2      29796
  316653   884306       19   26.37%            2      29803
  322748   887220       47   26.67%            2      29799
  324359   880935      158   26.91%            2      29785
  325065   882711       50   26.91%            2      29799
  337047   880823       19   27.68%            2      29787
  321226   881812       56   26.70%            2      29799
  331946   880710       20   27.37%            2      29779
  333569   881602       56   27.45%            2      29777
  327393   876447       76   27.20%            2      29799
stop
