    HITS   MISSES  DIRTIES HITRATIO   BUFFERS_MB  CACHED_MB
 1619790  1043838      106   60.81%           15       4373
 1421775   991481       19   58.92%           15       8246
 1392390   991024      107   58.42%           15      12117
 1390627   990051       48   58.41%           15      15984
 1396794   991761       25   58.48%           15      19858
 1351067   988909       18   57.74%           15      23721
 1311632   984527       58   57.12%           15      27567
 1277753   991221       19   56.31%            5      29327
 1252431   990042       19   55.85%            5      29331
 1261389   991543       19   55.99%            5      29319
 1293090   991186       19   56.61%            5      29334
 1262666   989690       19   56.06%            5      29337
 1282639   988846       59   56.47%            5      29329
 1294005   991529       20   56.62%            5      29339
 1251255   991320       20   55.80%            5      29297
 1269258   991029       25   56.15%            6      29304
 1246519   989337      139   55.75%            6      29334
 1249364   989540       53   55.80%            6      29337
 1261534   985680       86   56.14%            6      29301
 1269709   990913       26   56.17%            6      29309
 1261730   991000       18   56.01%            6      29338
 1273109   991063       19   56.23%            6      29346
 1227891   990815       77   55.34%            6      29302
 1258058   989928       35   55.96%            6      29328
 1263571   989003       65   56.09%            6      29341
 1268950   991539       13   56.14%            6      29337
 1270629   990036       46   56.21%            6      29312
 1267387   983455       15   56.31%            6      29326
 1267329   986506       34   56.23%            6      29345
 1274667   991560        5   56.25%            6      29304
 1375820   986806      100   58.23%            7      29323
 1400946   988805       86   58.62%            7      29321
 1441566   990899       48   59.26%            7      29307
 1421009   989066       54   58.96%            7      29342
 1426531   987243       20   59.10%            7      29322
 1458284   991129       17   59.54%            7      29301
 1415279   986954       59   58.92%            7      29320
 1421554   989682       19   58.96%            7      29302
 1471508   988703       19   59.81%            7      29330
 1414688   989093       19   58.85%            7      29337
 1423815   991351       19   58.95%            7      29323
 1457996   990129       75   59.56%            9      29297
 1397357   987192       58   58.60%            9      29311
 1415585   991396       20   58.81%            9      29321
 1443114   991523       20   59.27%           10      29308
 1385868   990587       26   58.32%           10      29337
 1413752   991315       39   58.78%           10      29310
 1447666   989966       35   59.39%           10      29334
 1440336   979512       87   59.52%           10      29333
 1425338   991600       27   58.97%           10      29336
 1437907   989432       95   59.24%           10      29337
 1396696   985450       78   58.63%           10      29316
 1417160   985349       40   58.99%           10      29321
 1419824   989109       20   58.94%           10      29337
 1429089   981463      104   59.28%           10      29323
 1405967   983734       32   58.83%           10      29323
 1413971   988777       10   58.85%           10      29336
 1414701   983514       55   58.99%           10      29315
 1413601   985707       15   58.92%           10      29310
 1374929   986763       84   58.22%           10      29306
 1403938   984156       82   58.79%           10      29317
 1403134   991318       19   58.60%           10      29326
 1401503   991381       18   58.57%           10      29306
 1431960   989338       53   59.14%           10      29335
 1384706   990445       43   58.30%           10      29339
 1364911   991368       68   57.93%           10      29329
 1428497   987413       81   59.13%           10      29323
 1392158   990668       53   58.42%           10      29328
 1401074   988703       18   58.63%           10      29299
 1436587   991294       19   59.17%           10      29329
 1388476   990324       19   58.37%           10      29305
 1405070   990979       20   58.64%           10      29306
 1434174   988853       59   59.19%           10      29312
 1387823   989398       19   58.38%           10      29329
 1404222   991390       20   58.62%           10      29322
 1419276   991069       20   58.88%           10      29338
 1387670   991129       23   58.33%           10      29324
 1405177   988076       58   58.71%           10      29313
 1365118   988184      116   58.01%           10      29338
 1397527   989342       74   58.55%           10      29318
 1393459   991547       18   58.43%           11      29299
 1428911   989406       19   59.09%           11      29300
 1425221   989964       21   59.01%           11      29303
 1412087   990112       21   58.78%           11      29329
 1423108   984286       64   59.11%           11      29332
 1414405   987957       24   58.88%           11      29322
 1408292   983330       40   58.88%           11      29314
 1429332   985794       15   59.18%           11      29301
 1383904   990390       19   58.29%           11      29306
 1402654   976097      224   58.97%           11      29328
 1426328   985214       46   59.15%           11      29298
 1435203   983139       19   59.35%           11      29297
 1418240   984401       64   59.03%           11      29322
 1397237   989696        6   58.54%           11      29296
 1432997   988491       22   59.18%           11      29338
 1430874   985260      116   59.22%           11      29290
 1399106   969049      121   59.08%           11      29314
 1389868   980347      121   58.64%           11      29316
 1356861   983990       72   57.96%           11      29296
 1403398   982183       95   58.83%           11      29313
 1426960   989183        7   59.06%           11      29335
 1386179   988856       19   58.36%           11      29306
 1410880   978823       55   59.04%           11      29338
 1423354   989565       20   58.99%           11      29318
 1396205   987416       20   58.57%           11      29291
 1394032   987351       20   58.54%           11      29312
 1417823   989900       18   58.89%           12      29316
 1409458   984568       35   58.87%           12      29291
 1402842   984059       60   58.77%           12      29300
 1408342   989187       19   58.74%           12      29300
 1400992   991568       18   58.56%           12      29332
 1396346   991112       19   58.49%           12      29333
 1406881   991153       21   58.67%           12      29335
 1402555   991726       21   58.58%           12      29338
 1394736   987681       61   58.54%           12      29325
 1404652   989940       15   58.66%           12      29307
 1414073   990220       23   58.81%           12      29334
 1383885   990704        5   58.28%           12      29312
 1401201   990795       17   58.58%           12      29311
 1410867   991491       17   58.73%           12      29313
 1397365   985981       58   58.63%           12      29323
 1388282   991530       19   58.34%           12      29304
 1406810   991269       18   58.66%           12      29291
 1383907   990920       17   58.27%           12      29297
 1379992   990505       17   58.22%           12      29326
 1425691   990440       19   59.01%           12      29317
 1393133   984689       59   58.59%           12      29306
 1417737   989304       19   58.90%           12      29306
 1452418   991223       19   59.44%           12      29288
 1408932   990883       19   58.71%           12      29288
 1409086   989114       19   58.76%           12      29332
 1452184   991078       19   59.44%           12      29310
 1416054   988589       59   58.89%           12      29331
 1417577   990452       20   58.87%           12      29314
 1443508   991171       19   59.29%           12      29323
stop
