    HITS   MISSES  DIRTIES HITRATIO   BUFFERS_MB  CACHED_MB
 1742342  1045841       88   62.49%           15       4374
 1615665   990860       25   61.99%           15       8244
 1602757   990005       60   61.82%           15      12112
 1540125   989574       59   60.88%           15      15977
 1512037   990547       21   60.42%           15      19846
 1442651   987940       21   59.35%           15      23707
 1310058   989136       21   56.98%           15      27569
  824831   987766       20   45.51%            4      29540
  966447   989008        9   49.42%            4      29561
  951157   985180       56   49.12%            4      29565
  898999   988020       17   47.64%            4      29590
  689949   986967       20   41.14%            4      29595
  480294   985744       17   32.76%            4      29608
  346133   982692       17   26.05%            3      29595
  371640   983958       17   27.42%            2      29620
  407511   984036       54   29.28%            2      29624
  424737   985778       19   30.11%            2      29616
  456694   987383       18   31.63%            2      29622
  484764   985619       20   32.97%            2      29606
  468684   988489       18   32.16%            2      29619
  500352   988819       18   33.60%            2      29611
  532723   987342       62   35.05%            2      29625
  513608   987425       18   34.22%            2      29622
  437616   983242       17   30.80%            2      29630
  389481   976837       17   28.51%            2      29592
  353403   971028       17   26.68%            2      29620
  371337   974979       53   27.58%            3      29637
  373776   972034      172   27.77%            3      29630
  376588   972831       25   27.91%            3      29625
  411830   975330       48   29.69%            3      29597
  437641   975298       49   30.97%            3      29594
  430357   977275       22   30.57%            2      29610
  433014   975372       22   30.75%            2      29601
  467905   976827       66   32.39%            2      29621
  442527   975007       21   31.22%            2      29626
  423166   977426       49   30.21%            2      29629
  434439   975858       68   30.80%            2      29615
  450118   978347       48   31.51%            3      29600
  441990   978915       48   31.11%            2      29634
  424724   974784      130   30.35%            3      29612
  455158   978179       41   31.76%            2      29621
  445795   976985       72   31.33%            2      29609
  463384   978940       27   32.13%            2      29604
  459736   976518       18   32.01%            2      29595
  436901   977882       18   30.88%            2      29609
  467039   977125       65   32.34%            2      29607
  459029   978822       18   31.92%            2      29627
  460261   977883       47   32.00%            2      29587
  444085   977840       20   31.23%            2      29608
  457960   976907       92   31.92%            2      29624
  450415   977614       67   31.54%            2      29617
  466425   976555       68   32.32%            2      29622
  473965   979406       93   32.61%            2      29610
  446229   978132       18   31.33%            2      29631
  447093   980423       47   31.32%            2      29632
  458264   976261       97   31.95%            2      29615
  460592   974532       52   32.09%            2      29588
  457863   975292       64   31.95%            2      29585
  472425   976960       53   32.59%            2      29617
  459774   977963       29   31.98%            2      29618
  465981   977129       37   32.29%            2      29617
  466450   979220       21   32.27%            2      29612
  462001   979129       21   32.06%            2      29605
  464051   976412       62   32.22%            2      29611
  464146   979170       51   32.16%            2      29605
  456370   979491       97   31.78%            2      29611
  480822   981785       23   32.87%            2      29607
  479159   977805       59   32.89%            2      29614
  472062   981406       15   32.48%            2      29615
  463028   974599       61   32.21%            2      29617
  461922   977589       17   32.09%            2      29578
  472529   979240       16   32.55%            2      29622
  454107   977875       17   31.71%            2      29606
  460701   978959       17   32.00%            2      29618
  471854   978410       17   32.54%            2      29628
  473680   977860       59   32.63%            2      29596
  472391   980592       18   32.51%            2      29623
  462894   979498       19   32.09%            2      29590
  453991   980723       19   31.64%            2      29622
  465451   980217       19   32.20%            2      29603
  435830   978924       45   30.81%            3      29633
  465641   976764      139   32.28%            3      29623
  474567   976842       20   32.70%            2      29610
  478618   980682       56   32.80%            2      29585
  467165   979708       17   32.29%            2      29601
  468864   979392       17   32.37%            2      29618
  484854   981474       20   33.07%            2      29623
  459937   980776       31   31.92%            2      29612
  481258   978606       51   32.97%            2      29601
  478394   982241       21   32.75%            2      29592
  477373   980806       37   32.74%            3      29621
  465347   978859       21   32.22%            3      29597
  476496   981724       21   32.68%            3      29611
  449341   980339       21   31.43%            3      29609
  458702   974492       67   32.01%            3      29592
  485011   979044       21   33.13%            3      29589
  477474   980564       22   32.75%            3      29582
  468272   979997       20   32.33%            3      29617
  478530   980777       13   32.79%            3      29617
  465671   979686       14   32.22%            3      29591
  456753   976954       57   31.86%            3      29629
  462284   979264       16   32.07%            3      29619
  470746   980712       17   32.43%            3      29626
  461879   978951       17   32.06%            3      29622
  482742   980101       17   33.00%            3      29631
  476920   979715       17   32.74%            3      29621
  456169   975251       61   31.87%            3      29629
  474196   980946       18   32.59%            3      29621
  474807   977314       18   32.70%            3      29618
  459156   979408       18   31.92%            3      29583
  462170   980042       18   32.05%            3      29607
  453745   979641       18   31.66%            3      29626
  462504   977103       67   32.13%            3      29621
  458679   978998       37   31.90%            3      29624
  479171   981372       17   32.81%            3      29610
  466443   980940       17   32.23%            3      29606
  476198   978946       55   32.73%            3      29627
  458602   979639       64   31.89%            3      29622
  467723   976203       98   32.39%            3      29590
  457695   979138       20   31.85%            2      29621
  497519   978416       67   33.71%            3      29606
  470040   979853       31   32.42%            3      29585
  468448   979389       22   32.36%            3      29605
  468375   977379       22   32.40%            3      29621
  475409   977977       63   32.71%            3      29593
  462036   978742       21   32.07%            3      29630
  475959   979089       22   32.71%            3      29625
  465429   978792       20   32.23%            3      29631
  462906   977929       13   32.13%            3      29611
  472528   979388       14   32.55%            3      29615
  478781   977184       62   32.88%            3      29590
  465725   979139       17   32.23%            3      29582
  470003   980517       19   32.40%            3      29596
  475604   977180       18   32.74%            3      29576
  461332   979412       18   32.02%            3      29579
stop
