    HITS   MISSES  DIRTIES HITRATIO   BUFFERS_MB  CACHED_MB
 1780774  1044954       45   63.02%           14       4360
 1677519   991226        6   62.86%           14       8233
 1649673   990449       17   62.48%           14      12101
 1653739   990339       17   62.55%           14      15970
 1662289   987555       58   62.73%           14      19827
 1642236   990402       19   62.38%           14      23696
 1634113   990433       19   62.26%           14      27564
 1617371   989613       19   62.04%           14      29456
 1623201   988527       19   62.15%           14      29471
 1618558   989983       19   62.05%           14      29451
 1619929   987027       62   62.14%            4      29480
 1606289   990435       20   61.86%            4      29441
 1614240   989918       19   61.99%            4      29466
 1620543   987659       17   62.13%            4      29480
 1606812   987925       17   61.93%            4      29464
 1597743   988716       17   61.77%            4      29485
 1620334   984042       80   62.22%            4      29472
 1597871   987841       48   61.80%            4      29470
 1604907   987813       39   61.90%            4      29462
 1615574   988211       59   62.05%            4      29490
 1592403   990134       19   61.66%            4      29456
 1578630   988710      148   61.49%            5      29505
 1611417   987065      138   62.01%            8      29454
 1610720   988566       34   61.97%            8      29504
 1597413   987464       34   61.80%            7      29493
 1609177   989866       19   61.91%            7      29505
 1601611   989492       14   61.81%            7      29493
 1606616   990089       20   61.87%            7      29494
 1612970   986132       56   62.06%            7      29485
 1655506   989235       44   62.60%            7      29474
 1709976   988208       17   63.38%            7      29494
 1683928   989532      100   62.99%            7      29503
 1703687   988238       55   63.29%            7      29492
 1686935   989928       42   63.02%            7      29508
 1707529   987654       59   63.35%            7      29482
 1698130   990323       19   63.16%            7      29499
 1685280   987173      133   63.06%            7      29512
 1702038   989944       44   63.23%            7      29524
 1709039   989203       22   63.34%            7      29468
 1704865   989167       56   63.28%            7      29469
 1702466   987517       59   63.29%            7      29504
 1687093   990173       19   63.02%            7      29482
 1708583   989631       17   63.32%            7      29487
 1699210   989417       17   63.20%            7      29498
 1713983   990136       17   63.38%            8      29512
 1699673   989656       17   63.20%            8      29505
 1709624   984919       79   63.45%            8      29505
 1709971   990192       21   63.33%            8      29518
 1707465   990324       21   63.29%            8      29507
 1695258   990330       21   63.12%            8      29474
 1711315   990350       21   63.34%            8      29490
 1696164   990184       22   63.14%            8      29510
 1694551   986876       64   63.20%            8      29520
 1683822   989921       83   62.98%            8      29495
 1701653   989997       38   63.22%            8      29493
 1694278   990467       10   63.11%            8      29479
 1692283   988128       44   63.14%            8      29481
 1703291   990357       28   63.23%            8      29529
 1708861   988221       56   63.36%            8      29515
 1689299   990470       19   63.04%            8      29486
 1705810   989922       18   63.28%            8      29503
 1677968   989325       99   62.91%            8      29522
 1685452   989324       48   63.01%            8      29513
 1693855   990483       18   63.10%            8      29490
 1693953   985247       98   63.23%            8      29508
 1681095   990229       19   62.93%            8      29520
 1700970   989852       18   63.21%            8      29518
 1684242   990599       18   62.97%            8      29527
 1703100   989552       18   63.25%            8      29521
 1714237   990054       18   63.39%            8      29471
 1680753   987914       62   62.98%            8      29508
 1684138   989562       20   62.99%            8      29480
 1715452   989736       18   63.41%            8      29520
 1701757   990123       18   63.22%            8      29483
 1699868   990483       18   63.18%            8      29469
 1709171   990052       18   63.32%            8      29510
 1699901   986231       75   63.28%            8      29497
 1685008   990079       20   62.99%            8      29511
 1699087   990495       20   63.17%            8      29496
 1710317   990556       26   63.32%            8      29506
 1665236   990068      104   62.71%            8      29524
 1705702   989889       49   63.28%            8      29511
 1689317   985647       94   63.15%            8      29520
 1705411   990407       31   63.26%            8      29512
 1712585   990086       13   63.37%            8      29509
 1694516   991124       13   63.10%            9      29518
 1698036   989898       53   63.17%            8      29508
 1702458   990408       20   63.22%            8      29520
 1715359   988439       53   63.44%            8      29510
 1699825   990571       18   63.18%            8      29501
 1716719   990492       17   63.41%            8      29479
 1710233   990301       17   63.33%            8      29510
 1700177   990492       17   63.19%            8      29473
 1676039   989604      126   62.88%            8      29501
 1700443   989970       80   63.20%            8      29515
 1713451   990596       20   63.37%            8      29477
 1686738   988041      141   63.06%            8      29510
 1700560   990361       22   63.20%            8      29521
 1709978   990427       41   63.32%            8      29498
 1697058   988564       70   63.19%            8      29513
 1701099   987371      192   63.27%            8      29502
 1697340   989536       24   63.17%            8      29492
 1688300   990015       17   63.04%            7      29485
 1683033   987700      214   63.02%            7      29508
 1672512   990022       44   62.82%            6      29515
 1681963   989872       17   62.95%            6      29504
 1679896   984657      114   63.05%            7      29526
 1704858   983214       19   63.42%            7      29514
 1668345   990461       20   62.75%            7      29486
 1679300   989241      121   62.93%            6      29518
 1683875   990321       14   62.97%            6      29509
 1678137   989505       41   62.91%            6      29514
 1685317   985701      181   63.10%            7      29499
 1687703   990462       26   63.02%            6      29522
 1683762   990245       34   62.97%            6      29515
 1673134   989284       40   62.84%            6      29496
 1673149   989036      105   62.85%            6      29497
 1664463   989179       20   62.72%            6      29473
 1697712   987158       59   63.23%            6      29508
 1683544   987818       54   63.02%            6      29508
 1682103   989950       17   62.95%            6      29523
 1661466   990175       17   62.66%            6      29515
 1688791   990469       17   63.03%            6      29501
 1678704   990522       59   62.89%            6      29512
 1664007   987694      153   62.75%            6      29510
 1673951   989138      137   62.86%            6      29481
 1669864   989272       72   62.80%            6      29488
 1678636   990010       18   62.90%            6      29501
 1680904   990402       18   62.92%            6      29515
 1686292   989008       63   63.03%            6      29489
 1678041   986313      163   62.98%            6      29487
 1665151   989671       85   62.72%            6      29496
 1668049   989821       43   62.76%            6      29505
 1665841   988914       47   62.75%            6      29526
 1689045   990665       30   63.03%            6      29520
stop
