    HITS   MISSES  DIRTIES HITRATIO   BUFFERS_MB  CACHED_MB
 1804370  1054106       25   63.12%           14       4449
 1672255   990777       16   62.80%           14       8320
 1653892   990657       17   62.54%           14      12189
 1648713   990172       18   62.48%           14      16056
 1650540   988260       17   62.55%           14      19917
 1605250   988335       54   61.89%           14      23778
 1598405   990128       18   61.75%           14      27645
 1563578   990096       18   61.23%            4      29300
 1543783   988457       17   60.97%            4      29334
 1545277   990183       19   60.95%            4      29324
 1573837   989605       19   61.40%            4      29332
 1531982   986265       61   60.84%            4      29336
 1559135   989070       19   61.19%            4      29343
 1554425   990476       19   61.08%            4      29319
 1524783   990800       19   60.61%            4      29312
 1549438   990254       19   61.01%            4      29324
 1559307   990130       20   61.16%            4      29312
 1547779   987662       57   61.05%            4      29329
 1556366   989376       18   61.14%            4      29322
 1572605   989104       34   61.39%            5      29322
 1534661   990649       17   60.77%            5      29307
 1549222   990157       17   61.01%            5      29311
 1562793   990074       17   61.22%            5      29316
 1539923   987422       60   60.93%            5      29315
 1530031   990530       21   60.70%            5      29328
 1557667   990022       21   61.14%            5      29338
 1556498   990392       24   61.11%            5      29336
 1529575   990571       30   60.69%            5      29343
 1501566   989259      101   60.28%            5      29346
 1600957   986303       88   61.88%            5      29346
 1621978   990702       25   62.08%            5      29324
 1649101   990504       16   62.48%            5      29337
 1645260   990179       15   62.43%            5      29327
 1616772   990758       17   62.00%            5      29340
 1637252   990502       16   62.31%            5      29324
 1658563   988191       60   62.66%            5      29334
 1618008   990532       18   62.03%            5      29340
 1634722   989585       18   62.29%            5      29293
 1639882   989996       18   62.36%            5      29302
 1621757   989716       18   62.10%            5      29305
 1635978   989792       19   62.30%            5      29329
 1661006   987082       59   62.72%            5      29300
 1609834   989500       17   61.93%            5      29316
 1639761   989802       18   62.36%            5      29305
 1580469   990979       51   61.46%            6      29340
 1603188   987198       74   61.89%            6      29332
 1574316   990248       54   61.39%            6      29323
 1601716   986318      184   61.89%            6      29340
 1613797   989681       39   61.99%            6      29328
 1637877   989289       35   62.34%            6      29307
 1639886   989337       47   62.37%            6      29322
 1610242   990055       27   61.93%            6      29341
 1624095   989029       18   62.15%            6      29326
 1639354   988015       60   62.40%            6      29322
 1622687   990578       19   62.09%            6      29306
 1618477   990435       19   62.04%            6      29341
 1615672   990068       18   62.00%            6      29316
 1638167   990724        9   62.31%            6      29330
 1614338   990602       14   61.97%            6      29336
 1633295   988269       58   62.30%            6      29325
 1649555   989110       21   62.51%            6      29325
 1608494   989617       17   61.91%            6      29336
 1654820   990099       16   62.57%            6      29332
 1645787   990453       17   62.43%            6      29330
 1640083   986411       18   62.44%            6      29299
 1651476   988088       55   62.57%            6      29309
 1646735   989411       17   62.47%            6      29318
 1644494   990076       17   62.42%            6      29306
 1643607   989655       17   62.42%            6      29330
 1665334   989185       17   62.74%            6      29303
 1631100   989833       18   62.23%            6      29334
 1651750   987887       61   62.57%            6      29337
 1639030   989697       19   62.35%            6      29318
 1630481   990664       19   62.20%            6      29324
 1635551   989825       19   62.30%            6      29298
 1651638   990515       19   62.51%            6      29305
 1633581   988405       19   62.30%            6      29308
 1648588   987992       58   62.53%            6      29316
 1654140   989696       17   62.57%            6      29321
 1650769   987711       35   62.57%            6      29316
 1615084   989756       84   62.00%            6      29318
 1633654   990332       43   62.26%            6      29317
 1636630   990485       18   62.30%            6      29329
 1644805   987082       90   62.50%            6      29300
 1646185   988691       27   62.48%            6      29298
 1635009   990460       21   62.27%            6      29325
 1632198   990393       18   62.24%            6      29308
 1657885   990794        9   62.59%            6      29345
 1670194   990785       15   62.77%            6      29330
 1621188   988968       59   62.11%            6      29307
 1658683   990570       16   62.61%            6      29313
 1657896   990874       16   62.59%            6      29321
 1626360   990625       16   62.15%            6      29304
 1653420   990738       17   62.53%            6      29311
 1652040   988730       22   62.56%            6      29339
 1630841   988463       81   62.26%            7      29330
 1643162   990175       18   62.40%            7      29333
 1662662   989414       48   62.69%            7      29291
 1645543   987062       27   62.51%            7      29334
 1635212   988822       18   62.32%            7      29320
 1639196   983963      103   62.49%            7      29320
 1667956   976574       61   63.07%            7      29328
 1658569   988763       18   62.65%            7      29306
 1670048   984134       47   62.92%            7      29309
 1639127   987203       33   62.41%            7      29329
 1642392   987133       18   62.46%            7      29322
 1659647   986974       19   62.71%            7      29343
 1634845   987703       61   62.34%            7      29338
 1630882   989675       20   62.23%            7      29333
 1648124   988641       37   62.51%            7      29332
 1651264   990274       22   62.51%            7      29314
 1627777   989324       38   62.20%            7      29316
 1618727   989653      104   62.06%            7      29318
 1627938   987056       59   62.25%            7      29338
 1628323   989224       57   62.21%            7      29325
 1642581   990056       21   62.39%            7      29318
 1649352   990548       45   62.48%            7      29313
 1622760   990679        9   62.09%            7      29320
 1634352   989865       74   62.28%            7      29322
 1633266   986778      121   62.34%            7      29313
 1619929   990061       26   62.07%            7      29302
 1646735   989662       16   62.46%            7      29312
 1646122   990468       16   62.43%            7      29339
 1638383   990599       17   62.32%            7      29330
 1638150   989790       17   62.34%            7      29314
 1643831   988102       57   62.46%            7      29329
 1631687   989434       18   62.25%            7      29324
 1640766   990375      125   62.36%           11      29323
 1622199   989970       20   62.10%           11      29327
 1612353   990285       18   61.95%           11      29317
 1604016   989882       30   61.84%           11      29291
 1629101   988796       49   62.23%           11      29312
 1593266   990669       18   61.66%           11      29318
 1615947   989060       17   62.03%           11      29325
 1609209   990310       18   61.90%           11      29308
stop
