    HITS   MISSES  DIRTIES HITRATIO   BUFFERS_MB  CACHED_MB
 1872256  1088672       36   63.23%           14       4567
 1680377   989561       86   62.94%           14       8431
 1656635   990633       26   62.58%           14      12301
 1625223   990226       18   62.14%           14      16170
 1608193   988289       18   61.94%           14      20030
 1558749   990485       18   61.15%           14      23899
 1486844   990448       18   60.02%           14      27768
 1385186   989857      153   58.32%            7      29724
 1332262   989929       20   57.37%            7      29696
 1140936   987501       45   53.60%            7      29728
  685639   983090       19   41.09%            6      29761
  293872   974545       19   23.17%            6      29760
  269742   942089       47   22.26%            5      29765
  269224   934460       65   22.37%            4      29781
  262597   913891       20   22.32%            3      29800
  299762   900403      105   24.98%            3      29790
  308094   883314       21   25.86%            3      29774
  305123   885796       21   25.62%            3      29792
  313009   884490       63   26.14%            3      29790
  299056   886350      181   25.23%            3      29788
  314020   876382       23   26.38%            3      29799
  310257   881702       49   26.03%            3      29776
  315055   883627       30   26.28%            3      29800
  308729   885625       23   25.85%            3      29783
  299493   882227       21   25.34%            3      29794
  309103   882771       60   25.93%            3      29800
  325823   881052       26   27.00%            3      29804
  302979   881875      134   25.57%            3      29800
  309477   881895       44   25.98%            2      29774
  355687   884749       16   28.67%            2      29793
  348141   881944       53   28.30%            2      29781
  360851   881198       54   29.05%            2      29785
  350583   878991       18   28.51%            2      29791
  333488   885107       17   27.37%            2      29783
  352739   878504       17   28.65%            2      29799
  344267   882585       17   28.06%            2      29789
  347046   893102       18   27.98%            2      29790
  359758   883462       61   28.94%            2      29799
  358334   876207       18   29.03%            2      29796
  371960   881401       18   29.68%            2      29777
  357556   884563       18   28.79%            2      29777
  361812   884757       19   29.02%            2      29779
  350269   879783       17   28.48%            2      29791
  351039   882059       53   28.47%            2      29783
  352743   881824       18   28.57%            2      29783
  354795   879949      107   28.73%            2      29794
  353637   884245       20   28.57%            2      29790
  353410   876350       19   28.74%            2      29735
  347280   886984       48   28.14%            2      29759
  349344   888131       96   28.23%            2      29776
  350679   884300       39   28.40%            2      29777
  363243   883906       22   29.13%            2      29771
  354664   883051      141   28.65%            2      29769
  349422   894262       30   28.10%            2      29775
  365774   876310       22   29.45%            2      29787
  370689   879251       68   29.66%            2      29770
  356009   883259       25   28.73%            2      29767
  347862   882209       31   28.28%            2      29762
  351000   881779       20   28.47%            2      29787
  350337   883490      134   28.39%            2      29789
  353330   884082       25   28.55%            2      29782
  345650   884208       59   28.10%            2      29770
  364473   879590       47   29.30%            2      29788
  363451   879305       18   29.25%            2      29778
  347052   883411      125   28.20%            2      29770
  363815   886372       45   29.10%            2      29780
  350429   878314       28   28.52%            2      29776
  355348   886978       57   28.60%            2      29797
  345214   888662       19   27.98%            2      29796
  344651   888120       78   27.96%            5      29778
  346842   881840      141   28.23%            2      29784
  352862   875699       20   28.72%            2      29777
  350129   884227       18   28.37%            2      29785
  344573   886236       92   28.00%            2      29774
  336175   885519       19   27.52%            2      29789
  351763   882763       18   28.49%            2      29773
  346019   887443       21   28.05%            2      29791
  348485   878791       21   28.39%            2      29770
  344429   888487       21   27.94%            2      29780
  339022   894100       77   27.49%            2      29782
  361234   877820       20   29.15%            2      29783
  345517   885553       21   28.07%            2      29784
  353108   882034       21   28.59%            2      29776
  348976   884108       21   28.30%            2      29771
  345430   884547       20   28.08%            2      29785
  371523   880918       73   29.66%            2      29768
  351334   886302       14   28.39%            2      29792
  354036   883565       14   28.61%            2      29789
  361981   882164       16   29.09%            2      29790
  358626   883779       16   28.87%            2      29784
  361353   880927       15   29.09%            2      29798
  359911   889720       54   28.80%            2      29775
  340577   883166       18   27.83%            2      29790
  351561   878576       17   28.58%            2      29794
  357583   878998       17   28.92%            2      29789
  365433   881199       17   29.31%            2      29778
  345046   886221       18   28.02%            2      29783
  352096   882632       60   28.52%            2      29777
  345457   884443       18   28.09%            2      29767
  358682   880505       20   28.94%            2      29793
  357337   885069       18   28.76%            2      29782
  351543   887157       19   28.38%            2      29795
  360178   877144       17   29.11%            2      29780
  356938   880874       55   28.84%            2      29793
  347345   889900       45   28.07%            2      29778
  347114   879937       17   28.29%            2      29787
  357542   892493       20   28.60%            2      29773
  358951   885558      117   28.84%            2      29788
  357380   878689       67   28.91%            2      29765
  367153   884289       63   29.34%            2      29772
  354601   886689       50   28.57%            2      29755
  355722   878688       30   28.82%            2      29787
  350545   884926       22   28.37%            2      29773
  366629   879114       22   29.43%            2      29791
  359343   880508       22   28.98%            2      29791
  350459   888755       71   28.28%            2      29793
  349699   883286       17   28.36%            2      29793
  350751   882733       10   28.44%            2      29781
  345696   888382       20   28.01%            2      29771
  358995   881543       17   28.94%            2      29778
  352856   885103       16   28.50%            2      29763
  351613   889013       57   28.34%            2      29764
  371118   888307       19   29.47%            2      29771
  355510   886207       18   28.63%            2      29785
  354734   889257       18   28.52%            2      29780
  354027   883570       19   28.61%            2      29792
  354964   884600       19   28.64%            2      29785
  357712   883252       58   28.83%            2      29776
  362817   891762       19   28.92%            2      29770
  352740   880635       19   28.60%            2      29781
  355377   883352       20   28.69%            2      29782
  362516   881301       20   29.15%            2      29760
  350212   885202       18   28.35%            2      29771
  350824   894337       58   28.17%            2      29783
  363004   881279       19   29.17%            2      29752
stop
