    HITS   MISSES  DIRTIES HITRATIO   BUFFERS_MB  CACHED_MB
 1461229  1044442      114   58.32%           14       4371
 1339112   990245       20   57.49%           14       8239
 1324543   991195       15   57.20%           17      12109
 1307692   989350       49   56.93%           17      15973
 1294127   989814       26   56.66%           17      19839
 1299648   991049       73   56.74%           17      23709
 1310411   986777       95   57.04%           17      27565
 1218739   989594       72   55.19%           17      29309
 1234625   987325       68   55.56%            7      29344
 1202659   984708       28   54.98%            7      29342
 1221929   985205       18   55.36%            7      29323
 1229000   983352       19   55.55%            7      29335
 1197806   982143       60   54.95%            7      29316
 1191091   983883       20   54.76%            7      29348
 1198101   987892       19   54.81%            7      29375
 1084526   988494       19   52.32%            7      29377
  993090   980771       20   50.31%            7      29373
  784146   983635       18   44.36%            6      29350
  570347   983601       61   36.70%            6      29372
  457378   979747       18   31.83%            6      29386
  388042   984360       18   28.27%            6      29398
  366357   981371       21   27.18%            6      29407
  340653   984880       21   25.70%            6      29386
  333626   984873       21   25.30%            6      29389
  332829   982591       77   25.30%            6      29386
  315768   985313       63   24.27%            5      29412
  305064   985695       23   23.63%            5      29426
  305214   986021       21   23.64%            5      29400
  309989   983384       56   23.97%            5      29419
  299890   982488       21   23.39%            5      29385
  334481   980931       66   25.43%            5      29416
  367955   984015       20   27.22%            5      29418
  365005   985885        9   27.02%            5      29415
  347176   985181       15   26.06%            5      29412
  360996   984834       20   26.82%            5      29405
  361495   984993       17   26.85%            5      29412
  362755   981340       57   26.99%            5      29424
  345163   984029       18   25.97%            5      29434
  354379   984180       17   26.47%            5      29406
  355918   984637       17   26.55%            5      29419
  347621   985739       17   26.07%            5      29432
  349445   984540       18   26.20%            5      29411
  359013   979967       66   26.81%            5      29425
  338633   986549       18   25.55%            5      29419
  349729   984458       19   26.21%            5      29410
  346003   983393       23   26.03%            5      29408
  336375   984838       20   25.46%            4      29420
  352345   985362       18   26.34%            4      29428
  353758   981730       59   26.49%            4      29401
  341106   984790       17   25.73%            4      29429
  345793   985358       17   25.98%            4      29435
  341483   985402       20   25.74%            4      29416
  353555   984768       20   26.42%            4      29398
  353556   985861       20   26.40%            4      29428
  357137   981087       81   26.69%            4      29421
  347500   985461       20   26.07%            4      29415
  354473   983916       22   26.49%            4      29400
  339586   984274       22   25.65%            4      29407
  353481   983973       21   26.43%            4      29411
  350127   984026       22   26.24%            4      29398
  354088   981604       62   26.51%            4      29429
  348225   984965       20   26.12%            5      29422
  352795   982706        9   26.42%            5      29403
  345785   983772       16   26.01%            5      29426
  345245   986049       16   25.93%            5      29433
  355042   984563       16   26.50%            4      29415
  346872   982220       62   26.10%            4      29425
  344702   983266       18   25.96%            4      29414
  339326   985712       45   25.61%            5      29416
  342315   985699       18   25.78%            5      29404
  348099   984758       18   26.12%            5      29416
  350456   983818       52   26.27%            5      29397
  349502   980867       59   26.27%            5      29399
  339641   985291       18   25.63%            5      29424
  343919   983632       18   25.91%            5      29415
  346949   986008       18   26.03%            5      29397
  349008   985410       18   26.15%            4      29413
  348643   983559       19   26.17%            4      29415
  356840   982401       62   26.64%            4      29424
  351737   984931       18   26.31%            4      29409
  354721   982763       18   26.52%            4      29409
  341651   985403       18   25.75%            4      29418
  352989   985709       21   26.37%            4      29407
  359376   984577       20   26.74%            4      29411
  355655   980281       82   26.62%            5      29421
  349505   985681       21   26.18%            5      29416
  346911   984191       21   26.06%            4      29426
  345649   983757       22   26.00%            4      29413
  350607   984618       25   26.26%            5      29395
  353535   984138       22   26.43%            5      29394
  351918   982054       67   26.38%            5      29412
  353612   985265       22   26.41%            5      29402
  342376   984944        9   25.79%            5      29411
  348864   983603       15   26.18%            5      29384
  345541   985177       23   25.97%            5      29415
  353518   983840       17   26.43%            5      29399
  353913   979962       56   26.53%            5      29399
  352336   982761       18   26.39%            5      29390
  348766   985104       18   26.15%            5      29397
  355030   984226       18   26.51%            5      29401
  356020   984577       18   26.56%            5      29407
  346139   984479       19   26.01%            5      29393
  364819   981551      185   27.10%            6      29401
  338022   985267       19   25.54%            5      29419
  335528   983173       18   25.44%            5      29394
  333549   984597       18   25.30%            5      29416
  338854   982730       20   25.64%            5      29391
  338825   984697       51   25.60%            5      29413
  345451   980810       62   26.05%            5      29386
  332327   985382       18   25.22%            5      29421
  336258   984433       18   25.46%            5      29408
  336540   983770       21   25.49%            5      29413
  334296   985076       21   25.34%            5      29401
  340777   983794       21   25.73%            5      29415
  353635   976407     5720   26.59%            5      29397
  335783   983308       21   25.46%            5      29380
  355443   982354      110   26.57%            7      29376
  325934   984118       24   24.88%            5      29391
  327483   982863       21   24.99%            5      29416
  333746   977752       21   25.45%            5      29404
  331170   981614       63   25.23%            6      29406
  325522   984594       20   24.85%            6      29386
  335448   983441        9   25.43%            6      29401
  324211   983600       18   24.79%            5      29419
  331867   981556       17   25.27%            5      29417
  339352   983555       17   25.65%            5      29408
  333450   981502       59   25.36%            5      29410
  327475   984814       17   24.95%            5      29424
  332056   983802       17   25.23%            5      29394
  321030   986391       17   24.55%            5      29391
  325609   984744       17   24.85%            5      29409
  327144   985657       17   24.92%            5      29410
  347984   978798       62   26.23%            5      29387
  332886   985619       19   25.25%            5      29415
  338860   982724       19   25.64%            5      29409
stop
