    HITS   MISSES  DIRTIES HITRATIO   BUFFERS_MB  CACHED_MB
 1756243  1042801       79   62.74%           14       4345
 1665890   990328       18   62.72%           14       8214
 1662939   990491       26   62.67%           14      12082
 1641401   990245      145   62.37%           14      15951
 1631114   992284       21   62.18%           14      19826
 1617129   990506       62   62.02%           14      23695
 1592611   989916       56   61.67%           14      27562
 1561091   990613       23   61.18%           14      29580
 1548484   990709       25   60.98%           14      29574
 1565841   990235       22   61.26%            5      29566
 1564290   990159       23   61.24%            5      29581
 1526419   990302       13   60.65%            5      29594
 1548552   987885       83   61.05%            5      29583
 1566545   988454      201   61.31%            5      29565
 1545437   989018       36   60.98%            5      29584
 1552286   988374       59   61.10%            5      29597
 1525953   989882       18   60.65%            5      29613
 1541395   990431       18   60.88%            5      29616
 1534017   988895       60   60.80%            5      29595
 1547994   989610       18   61.00%            5      29579
 1567008   990080       18   61.28%            5      29591
 1546474   989854       21   60.97%            5      29592
 1571046   989832       19   61.35%            5      29618
 1556200   990043       19   61.12%            5      29588
 1578626   989561       60   61.47%            5      29615
 1576008   990320       20   61.41%            5      29606
 1574175   989914       20   61.39%            5      29606
 1569881   990243       20   61.32%            5      29627
 1574973   990455       18   61.39%            5      29606
 1563701   990370       18   61.22%            5      29619
 1618811   989326       56   62.07%            5      29607
 1657471   990251       18   62.60%            5      29598
 1653115   990554       19   62.53%            5      29623
 1663555   989958       38   62.69%            5      29598
 1662209   991363       20   62.64%            5      29622
 1652237   990474       20   62.52%            5      29619
 1655550   989812       61   62.58%            5      29626
 1652999   990505       22   62.53%            5      29635
 1636507   990472       21   62.30%            5      29610
 1641807   990167       21   62.38%            5      29619
 1637840   990268       26   62.32%            5      29627
 1509644   989966       99   60.40%            5      29616
 1470972   990190       77   59.77%            5      29608
 1404474   990510       55   58.64%            5      29629
 1280257   991185       15   56.36%            5      29645
 1148389   989596       16   53.71%            5      29634
 1109886   985293       44   52.97%            5      29618
 1067884   987420      114   51.96%            5      29640
 1081507   983972       53   52.36%            5      29639
 1081625   983970       65   52.36%            5      29639
 1046645   989728        7   51.40%            5      29635
 1092445   987513       18   52.52%            5      29633
 1140017   982531       23   53.71%            5      29619
 1056063   986753       40   51.70%            5      29609
 1062604   988563       55   51.80%            5      29623
 1036358   985167      104   51.27%            5      29641
  945625   986187       27   48.95%            5      29638
  866080   986965      115   46.74%            5      29618
  923210   988724        8   48.29%            5      29645
  825167   986790       17   45.54%            4      29641
  952542   986067       89   49.14%            4      29606
  922092   988544       29   48.26%            4      29610
  852301   988562       20   46.30%            4      29628
  796117   986229       37   44.67%            4      29649
  917788   989727       21   48.11%            4      29612
  913375   989224       64   48.01%            3      29647
  785848   983544      129   44.41%            4      29632
  890914   989280      116   47.38%            4      29644
  919301   987581       88   48.21%            4      29634
  919843   989096       22   48.19%            3      29615
  939738   988064       23   48.75%            4      29632
  902787   987596       55   47.76%            4      29636
  891572   985969      198   47.49%            4      29625
  928068   986790       46   48.47%            4      29617
  831501   985955       51   45.75%            4      29626
  759603   982096       18   43.61%            4      29622
  850392   985507       18   46.32%            4      29636
  897872   987396       27   47.63%            4      29643
  922958   988143      182   48.29%            4      29629
 1001130   990072       18   50.28%            4      29639
  994494   989763       48   50.12%            4      29649
  986173   989809       93   49.91%            4      29636
  997988   990025       45   50.20%            4      29644
  989122   989978       24   49.98%            4      29619
  996152   988102      117   50.20%            4      29621
  999394   990048       27   50.23%            4      29636
  997036   988203       20   50.22%            4      29644
  974632   989911       80   49.61%            4      29619
  994900   990057       44   50.12%            4      29643
  995082   990048       18   50.13%            3      29621
  996148   988176       88   50.20%            3      29619
 1003102   989993       27   50.33%            3      29641
  995754   989623       21   50.15%            3      29618
  993010   990331       38   50.07%            3      29651
  978417   991007       20   49.68%            3      29649
  850152   987399       20   46.27%            3      29652
  777835   983228      100   44.17%            3      29636
  817706   986343      181   45.33%            4      29613
  916379   989087       41   48.09%            4      29619
  927154   987356       59   48.43%            3      29636
  932626   989634       21   48.52%            4      29612
  929709   989691       12   48.44%            4      29635
  932986   988224       92   48.56%            4      29614
  923266   988566      111   48.29%            4      29620
  894478   988161       77   47.51%            4      29650
  912676   988542       86   48.00%            4      29626
  957750   989530        6   49.18%            4      29634
 1000498   989292       14   50.28%            4      29643
  995641   989051       56   50.17%            4      29650
  987105   989902       14   49.93%            4      29654
  956558   989293       15   49.16%            4      29632
  899533   987389       15   47.67%            4      29644
  928547   987599       15   48.46%            4      29637
  926948   989344       15   48.37%            4      29636
  923208   988774       59   48.29%            4      29647
  875311   988140      107   46.97%            4      29607
  900268   988601       38   47.66%            4      29649
  886397   987578       48   47.30%            4      29628
  917241   988229       25   48.14%            4      29611
  958628   987948       17   49.25%            4      29614
  998304   988376       65   50.25%            4      29622
  987180   990077       41   49.93%            3      29612
  999154   989974      105   50.23%            3      29654
 1000760   990079       38   50.27%            3      29610
 1007951   989442       55   50.46%            3      29644
  998898   990013       18   50.22%            3      29627
  990762   989027       58   50.04%            3      29639
  998430   989775       24   50.22%            3      29601
  991084   989977       19   50.03%            3      29636
 1001578   989744       19   50.30%            3      29644
  997359   990163       19   50.18%            3      29616
  992437   990231       12   50.06%            3      29637
  996644   988891       48   50.20%            3      29639
 1004433   990073       21   50.36%            3      29618
  994252   990325       14   50.10%            3      29649
stop
