    HITS   MISSES  DIRTIES HITRATIO   BUFFERS_MB  CACHED_MB
 1757236  1040490      268   62.81%           14       4367
 1648578   990659        7   62.46%           14       8237
 1637796   988414       61   62.36%           14      12098
 1626063   988192       59   62.20%           14      15959
 1607700   990045       19   61.89%           14      19826
 1567325   988782       19   61.32%           14      23688
 1521789   990394       17   60.58%           14      27557
 1498006   988587       34   60.24%            5      29408
 1490510   990045       17   60.09%            5      29367
 1511862   986987       66   60.50%            5      29395
 1494901   990901        8   60.14%            5      29381
 1522981   990494       19   60.59%            5      29387
 1507718   989892       33   60.37%            5      29397
 1525681   988454      113   60.68%            8      29363
 1516353   989507       21   60.51%            8      29372
 1505562   986718       80   60.41%            8      29413
 1501547   988348       15   60.31%            8      29417
 1483231   988002      196   60.02%            8      29386
 1489032   990220       20   60.06%            8      29395
 1503443   990139        5   60.29%            8      29407
 1524946   986714       69   60.71%            8      29404
 1501038   988158       44   60.30%            8      29401
 1498032   990041       18   60.21%            8      29411
 1510793   989576       18   60.42%            8      29371
 1511659   988689       57   60.46%            8      29376
 1501378   990482        6   60.25%            8      29410
 1506595   990373       18   60.34%            8      29372
 1498815   986286      102   60.31%            8      29397
 1486853   986697      228   60.11%            8      29387
 1488951   989249        7   60.08%            8      29366
 1564042   989044       68   61.26%            9      29387
 1592744   990384       16   61.66%            9      29399
 1589711   989791       17   61.63%            9      29409
 1599257   987802       58   61.82%            9      29383
 1582172   989948       20   61.51%            9      29400
 1595785   989543       20   61.72%            9      29409
 1613323   989448       18   61.98%            9      29367
 1579573   988763      129   61.50%            9      29371
 1570014   990352       23   61.32%            9      29384
 1594089   987099       68   61.76%            9      29390
 1568239   988012       38   61.35%            9      29378
 1560126   989590       95   61.19%            9      29417
 1573746   989720       40   61.39%            9      29390
 1556902   990402       20   61.12%            9      29396
 1578154   989079       63   61.47%            9      29402
 1579829   988065       77   61.52%            9      29369
 1568983   990631        5   61.30%            9      29398
 1563989   990286       14   61.23%            9      29381
 1552924   987901      210   61.12%            9      29383
 1561779   989892       35   61.21%            9      29393
 1573680   990324       15   61.38%            9      29406
 1572493   985144      108   61.48%            9      29404
 1576738   990170        6   61.43%            9      29386
 1568819   988914       17   61.34%            9      29394
 1532090   990005       98   60.75%            9      29368
 1562133   990191       36   61.20%            9      29379
 1566786   990382       17   61.27%            9      29385
 1581298   985335      105   61.61%           10      29399
 1571374   990942        7   61.33%           10      29393
 1576942   990719       18   61.42%           10      29376
 1573443   990293       18   61.37%           10      29394
 1573973   990289       18   61.38%           10      29371
 1576151   990287       18   61.41%           10      29412
 1580326   988509       60   61.52%           10      29381
 1571863   990463       17   61.35%           10      29386
 1580125   990660       19   61.46%           10      29400
 1574716   990240       19   61.39%           10      29390
 1583795   989395       52   61.55%           10      29376
 1571964   989549       99   61.37%           10      29385
 1595867   987752       82   61.77%           10      29373
 1592536   989394       46   61.68%           10      29381
 1577836   990352       15   61.44%           10      29386
 1584440   990328       18   61.54%           10      29370
 1600141   989163       20   61.80%           10      29399
 1595846   989483       28   61.73%           10      29401
 1594428   987064       53   61.76%           10      29406
 1589056   990495        5   61.60%           10      29392
 1588205   989913       46   61.60%           10      29372
 1596637   990426       10   61.72%           10      29384
 1600507   989581       21   61.79%           10      29386
 1588164   990060       16   61.60%           10      29396
 1580143   987751       60   61.53%           11      29392
 1600058   990254       40   61.77%           11      29380
 1584621   990139       17   61.54%           11      29372
 1574217   988183       53   61.44%           11      29369
 1587143   988776       16   61.61%           11      29388
 1575539   990395       17   61.40%           11      29379
 1592279   986534       71   61.74%           11      29399
 1594078   990919        7   61.67%           11      29384
 1598936   989527       19   61.77%           11      29400
 1569208   990019       24   61.32%           11      29382
 1551262   986657      255   61.12%           11      29402
 1581875   989538       33   61.52%           11      29382
 1601350   984514       99   61.93%           11      29393
 1587426   990310       17   61.58%           11      29397
 1587831   989862       19   61.60%           11      29380
 1605317   989981       19   61.85%           11      29411
 1595596   987802       34   61.76%           11      29385
 1599751   990336       17   61.76%           11      29390
 1586943   986157       68   61.67%           11      29386
 1589553   988053        8   61.67%           11      29410
 1602370   989012       18   61.83%           11      29395
 1607730   984871       70   62.01%           11      29385
 1583077   986515       77   61.61%           11      29376
 1615107   985543      124   62.10%           11      29377
 1623507   974419       90   62.49%           11      29397
 1584459   990551        5   61.53%           11      29383
 1587344   989849       85   61.59%           11      29370
 1570779   989264       41   61.36%           11      29400
 1574227   989566       16   61.40%           11      29385
 1598607   988935       54   61.78%           11      29387
 1581758   987897       58   61.56%           11      29397
 1573322   988510       28   61.41%           11      29402
 1596207   989690        6   61.73%           11      29404
 1583957   990502       18   61.53%           11      29410
 1579641   989741       18   61.48%           11      29406
 1594524   990035       18   61.69%           11      29395
 1570824   987579       96   61.40%           11      29390
 1578370   990653        7   61.44%           11      29395
 1576701   990358       18   61.42%           11      29380
 1559814   988190      155   61.22%           11      29404
 1562242   990591        9   61.20%           11      29410
 1576273   988828       18   61.45%           11      29387
 1591325   984818      110   61.77%           11      29400
 1570448   990885        7   61.31%           11      29385
 1577972   990150       20   61.44%           11      29389
 1581346   990313       20   61.49%           11      29394
 1578871   987575       38   61.52%           12      29388
 1571967   990208       17   61.35%           12      29365
 1584347   986191       63   61.63%           12      29396
 1576079   990964        8   61.40%           12      29381
 1583956   990337       17   61.53%           12      29394
 1568643   989648       17   61.32%           12      29397
 1581203   989752       29   61.50%           12      29378
 1573236   990382       18   61.37%           12      29388
stop
