    HITS   MISSES  DIRTIES HITRATIO   BUFFERS_MB  CACHED_MB
 1465221  1045347       79   58.36%           14       4364
 1379820   974724       39   58.60%           14       8171
 1331505   990855       37   57.33%           17      12040
 1311588   988667       48   57.02%           17      15901
 1335114   988108       66   57.47%           17      19761
 1356255   990762       22   57.79%           17      23631
 1271659   989910       38   56.23%           17      27498
 1143503   987333       36   53.66%            7      29394
 1106008   990420       10   52.76%            7      29421
 1106375   990218       22   52.77%            7      29376
 1102634   987510       60   52.75%            7      29391
 1099001   986378       22   52.70%            7      29388
 1090554   986909      153   52.49%            8      29408
 1072472   990208       50   51.99%            8      29404
 1061010   988096       18   51.78%            8      29394
 1087240   986644      160   52.43%            8      29383
 1097003   980148       46   52.81%            8      29372
 1093201   980990       22   52.70%            8      29398
 1072597   984635       17   52.14%            8      29401
  994987   990202       17   50.12%            8      29392
  974776   990030       59   49.61%            8      29418
  961696   990131       17   49.27%            8      29394
  921567   987274       59   48.28%            8      29380
  895539   987432       62   47.56%            8      29394
  887056   989485       62   47.27%            8      29411
  884813   989699       38   47.20%            8      29379
  886763   989724       19   47.26%            8      29396
  882504   988568       18   47.17%            8      29408
  876108   985013      104   47.07%            8      29408
  973580   989215        9   49.60%            8      29402
  977793   989204      116   49.71%            8      29382
  962774   988248      142   49.35%            8      29413
  927784   989140       42   48.40%            8      29378
  922336   988606       20   48.27%            8      29392
  923750   985805       89   48.38%            8      29392
  912412   988874       21   47.99%            8      29406
  916005   985767       35   48.17%            9      29387
  929848   989089       20   48.46%            9      29402
  916762   989893       20   48.08%            9      29392
  888365   989710       19   47.30%            9      29408
  870574   987062       63   46.86%            9      29408
  847332   989521       21   46.13%            9      29375
  825154   989306       21   45.48%            9      29412
  857800   991229      735   46.39%           11      29406
  849225   989915        4   46.18%           11      29395
  864643   989461       37   46.63%           11      29383
  878325   985755       72   47.12%           11      29385
  876108   989511       38   46.96%           11      29374
  870736   987571       62   46.86%           11      29403
  860496   989660        5   46.51%           11      29398
  832097   989167       18   45.69%           11      29407
  832342   988625       17   45.71%           11      29391
  834208   985767      100   45.84%           11      29372
  828056   989841        6   45.55%           11      29390
  827665   989181       17   45.56%           11      29399
  832339   988233       18   45.72%           11      29410
  832174   987783       19   45.72%           11      29420
  819681   988793       18   45.32%           11      29405
  808324   986026       70   45.05%           11      29408
  803280   989815        7   44.80%           11      29397
  793293   988248       20   44.53%           11      29402
  810922   988555       65   45.06%           11      29408
  822419   988166        9   45.42%           11      29390
  836953   989128       18   45.83%           11      29377
  844754   986062      107   46.14%           11      29380
  834140   989152        8   45.75%           11      29416
  836280   988230       39   45.84%           12      29378
  826655   986398       75   45.59%           12      29404
  821127   988764       22   45.37%           12      29394
  819514   989072       18   45.31%           12      29397
  826412   985596       59   45.61%           12      29383
  821465   987791       66   45.40%           12      29386
  831030   989059        9   45.66%           12      29401
  824393   988956       20   45.46%           12      29387
  813699   989071       45   45.14%           12      29373
  833630   989170       12   45.73%           12      29381
  841402   986485       68   46.03%           12      29379
  852727   988901        9   46.30%           12      29365
  865124   989519       17   46.65%           12      29375
  835002   989305       17   45.77%           12      29383
  840250   988702       17   45.94%           12      29397
  847978   988752       18   46.17%           12      29402
  853037   987450       58   46.35%           12      29383
  845229   988016       17   46.11%           12      29387
  835355   988883       18   45.79%           12      29401
  842825   988948       18   46.01%           12      29388
  849753   989140       18   46.21%           12      29373
  848525   987205       20   46.22%           12      29402
  837130   985664       74   45.93%           12      29397
  833157   989815        7   45.70%           12      29387
  835910   988505       19   45.82%           12      29369
  837157   988017       66   45.87%           12      29403
  830250   989742        7   45.62%           12      29391
  836313   987479       66   45.86%           12      29393
  829490   986707       59   45.67%           12      29369
  832658   989360        8   45.70%           12      29390
  832139   987524       91   45.73%           13      29387
  852638   987866       40   46.33%           13      29397
  847849   989594        8   46.14%           13      29385
  833999   988582       21   45.76%           13      29370
  822210   986197       59   45.47%           13      29366
  824818   988678       19   45.48%           13      29402
  835897   988885       21   45.81%           13      29409
  852186   989236       21   46.28%           13      29395
  867252   987755       49   46.75%           13      29376
  879711   989314       10   47.07%           13      29386
  897309   987035       53   47.62%           13      29400
  892826   988867       22   47.45%           13      29400
  884366   989193       17   47.20%           13      29395
  880467   988920       17   47.10%           13      29401
  884070   988177       18   47.22%           13      29383
  880193   988930       17   47.09%           13      29368
  887327   986320       60   47.36%           13      29408
  881190   989251       18   47.11%           13      29374
  903307   989893      108   47.71%           14      29389
  874727   988794       39   46.94%           14      29403
  868036   988686       49   46.75%           14      29388
  864465   989559        7   46.63%           14      29379
  875173   986342       75   47.01%           14      29381
  866444   989877       39   46.68%           14      29392
  853446   989272       20   46.31%           14      29399
  854743   989343       19   46.35%           14      29365
  852171   988578       19   46.29%           14      29378
  851707   988224       65   46.29%           14      29382
  846227   987320       53   46.15%           14      29384
  842564   988796       20   46.01%           14      29397
  838890   987898       35   45.92%           14      29408
  839147   989198       18   45.90%           14      29366
  843625   987501       22   46.07%           14      29374
  844054   988964       18   46.05%           14      29405
  873116   986796       90   46.94%           14      29387
  865569   989568       21   46.66%           14      29398
  855281   988282       21   46.39%           14      29381
  843846   988674       21   46.05%           14      29387
  834083   989399       15   45.74%           14      29403
stop
