    HITS   MISSES  DIRTIES HITRATIO   BUFFERS_MB  CACHED_MB
 1784053  1043447       33   63.10%           13       4391
 1667667   989274       35   62.77%           14       8255
 1685582   989747       19   63.00%           14      12121
 1671092   990610       17   62.78%           14      15991
 1652285   987767       59   62.59%           14      19849
 1656506   989683       21   62.60%           14      23715
 1654200   989889       21   62.56%           14      27582
 1631349   989605       91   62.24%           17      29333
 1618088   988888       24   62.07%           17      29354
 1644314   990125        4   62.42%           17      29333
 1626349   987542       99   62.22%           17      29370
 1622659   990566       15   62.09%            7      29340
 1571779   990292      154   61.35%            7      29363
 1612268   986262       84   62.05%            7      29354
 1634131   986952       18   62.35%            7      29346
 1617947   987637       18   62.10%            7      29367
 1616282   985121       54   62.13%            7      29369
 1600987   988263       55   61.83%            7      29376
 1571747   981497      136   61.56%            8      29368
 1605536   988597       45   61.89%            7      29390
 1621561   988163       67   62.14%            7      29366
 1629154   990146        7   62.20%            7      29385
 1612246   987922       60   62.01%            8      29374
 1630216   989144       19   62.24%            8      29396
 1627101   988993       20   62.20%            8      29392
 1625483   989207       20   62.17%            8      29401
 1613001   990149       18   61.96%            8      29388
 1616279   989860       18   62.02%            8      29372
 1623785   986500       57   62.21%            7      29399
 1677643   989873       18   62.89%            7      29390
 1718375   989766       19   63.45%            7      29400
 1732624   989059       38   63.66%            7      29404
 1717780   990536       21   63.43%            7      29408
 1719171   989912       21   63.46%            7      29401
 1729084   991690      753   63.55%           10      29389
 1686569   990144       20   63.01%           10      29405
 1704791   990051       22   63.26%           10      29410
 1721276   988923       35   63.51%           10      29390
 1700941   990595       10   63.20%           10      29390
 1712814   990152       13   63.37%           10      29393
 1722003   988092       50   63.54%            8      29412
 1690359   990416       15   63.05%            8      29399
 1724732   987975       21   63.58%            8      29400
 1708005   990440       17   63.30%            8      29408
 1693942   989994       18   63.11%            8      29398
 1687659   990344       18   63.02%            8      29422
 1716009   987223       58   63.48%            8      29402
 1682830   990303       21   62.95%            8      29419
 1664685   989885       98   62.71%            8      29400
 1715375   990073       44   63.40%            8      29419
 1698871   989176       49   63.20%            8      29411
 1685694   990337       27   62.99%            8      29421
 1731192   987282       56   63.68%            8      29423
 1683997   990569       19   62.96%            8      29418
 1699893   990873       19   63.18%            8      29405
 1707694   990486       20   63.29%            8      29412
 1686224   990403       21   63.00%            8      29411
 1688478   990554       18   63.03%            8      29406
 1723540   986790       61   63.59%            8      29402
 1702974   990593       18   63.22%            8      29426
 1690623   990716       18   63.05%            8      29423
 1723177   989258       36   63.53%            8      29422
 1711453   989318       21   63.37%            8      29419
 1677149   990037       20   62.88%            8      29418
 1708575   987897       59   63.36%            8      29429
 1694543   989195       75   63.14%            8      29428
 1692919   990615       21   63.09%            8      29423
 1712277   990309       62   63.36%            7      29370
 1673051   988145      147   62.87%            7      29406
 1714709   988032        9   63.44%            7      29412
 1723289   988023       55   63.56%            8      29426
 1724141   988370      115   63.56%            8      29412
 1706020   989351       12   63.29%            8      29401
 1715921   990425       17   63.40%            8      29393
 1696866   990512       18   63.14%            8      29423
 1726199   990589       18   63.54%            8      29415
 1727680   987916       56   63.62%            8      29421
 1718632   990624       18   63.44%            8      29414
 1697701   990964       18   63.14%            8      29406
 1720085   990430       19   63.46%            8      29402
 1717923   988470       19   63.48%            8      29404
 1703921   990612       19   63.24%            8      29420
 1722680   988160       57   63.55%            8      29407
 1706328   990470       18   63.27%            9      29414
 1705460   988573       19   63.31%            9      29419
 1719600   989441       76   63.48%            9      29410
 1709812   990436       27   63.32%            9      29405
 1707871   989949       20   63.31%            9      29413
 1695660   988429       55   63.17%            9      29416
 1706618   990529       18   63.27%            9      29416
 1697822   989423       60   63.18%            9      29400
 1699582   988499      106   63.23%            9      29420
 1686921   990227       23   63.01%            9      29420
 1705991   988816       59   63.31%            9      29420
 1711305   987954       61   63.40%            9      29402
 1677451   990007       94   62.89%            8      29418
 1673559   990408       39   62.82%            8      29407
 1694424   990336       21   63.11%            8      29410
 1695659   987966      152   63.19%            8      29417
 1698840   990488       14   63.17%            8      29410
 1691860   988097       45   63.13%            8      29409
 1685057   990698       15   62.98%            8      29397
 1692156   989298       21   63.11%            8      29417
 1679954   990517       17   62.91%            8      29424
 1706008   990161       17   63.28%            8      29419
 1698568   990331       18   63.17%            8      29400
 1694579   988277       58   63.16%            8      29405
 1705820   990449       17   63.27%            8      29421
 1665273   990337       18   62.71%            8      29425
 1705759   989978       18   63.28%            8      29415
 1697547   990423       19   63.15%            8      29422
 1670198   990164      137   62.78%            8      29413
 1694676   988312       47   63.16%            8      29405
 1657025   990496       82   62.59%            8      29406
 1698556   989293       81   63.19%            8      29422
 1696429   989755       21   63.15%            8      29412
 1716181   989186      122   63.44%            8      29397
 1716215   988693       48   63.45%            8      29418
 1673106   988321       63   62.86%            8      29411
 1657610   989570       18   62.62%            8      29401
 1697538   988958       18   63.19%            8      29414
 1668902   988936       38   62.79%            9      29409
 1676829   990518       18   62.87%            9      29415
 1677496   989848       19   62.89%            9      29419
 1692711   988263       59   63.14%            9      29403
 1669346   990128       20   62.77%            9      29408
 1696729   990406       21   63.14%            9      29395
 1679067   990204       21   62.90%            9      29424
 1673592   989791       26   62.84%            9      29398
 1692020   990383       16   63.08%            9      29394
 1678365   986836       53   62.97%            9      29408
 1666927   989503       20   62.75%            9      29401
 1678063   988381      116   62.93%            9      29400
 1708565   990153       17   63.31%            9      29409
 1681318   989437       48   62.95%            9      29411
stop
