    HITS   MISSES  DIRTIES HITRATIO   BUFFERS_MB  CACHED_MB
 1551318  1098618       30   58.54%           13       4632
 1349124   991541       25   57.64%           13       8505
 1384724   981375       53   58.52%           17      12336
 1357309   988807       62   57.85%           17      16198
 1394909   991828       25   58.44%           17      20072
 1423138   990916       34   58.95%           17      23943
 1425312   991368        9   58.98%           17      27815
 1410554   990256        9   58.75%           17      29284
 1395523   989495       15   58.51%           17      29308
 1395189   986748       63   58.57%           17      29272
 1390699   990609       16   58.40%            7      29313
 1386758   990075       77   58.34%            8      29317
 1385924   988859       47   58.36%            8      29331
 1391831   983773       17   58.59%            8      29294
 1394772   985279      133   58.60%            8      29294
 1389137   982366       64   58.58%            8      29289
 1387583   988309       20   58.40%            8      29340
 1398243   988467       19   58.58%            8      29326
 1374252   990437       45   58.12%            8      29344
 1377889   989899       19   58.19%            8      29333
 1339127   990702       76   57.48%            8      29359
 1378020   987294      144   58.26%            7      29341
 1372339   990805       19   58.07%            7      29340
 1403156   990753      104   58.61%            7      29362
 1381894   988992       39   58.29%            7      29346
 1379450   990637       26   58.20%            7      29350
 1412177   990311       17   58.78%            7      29342
 1373419   988342       55   58.15%            6      29372
 1385300   989888       22   58.32%            6      29355
 1542821   990275       38   60.91%            7      29357
 1554754   989949       21   61.10%            7      29371
 1547361   990224       21   60.98%            7      29379
 1571277   990482       21   61.34%            7      29368
 1544291   985533       67   61.04%            7      29371
 1535196   990548       21   60.78%            7      29376
 1570585   989264       32   61.35%            7      29364
 1538521   990190        9   60.84%            7      29357
 1518816   990634       14   60.52%            7      29362
 1554399   990718       38   61.07%            7      29378
 1560690   984423       56   61.32%            7      29394
 1547110   985002       40   61.10%            7      29379
 1536047   990966      120   60.79%            8      29374
 1585107   989289       53   61.57%            8      29380
 1537578   991409       18   60.80%            8      29364
 1547369   990022       41   60.98%            8      29396
 1575515   988633       66   61.44%            8      29395
 1531341   990737       18   60.72%            8      29361
 1516120   990052       18   60.50%            8      29371
 1548572   990576       18   60.99%            8      29357
 1531110   991187       18   60.70%            8      29394
 1542742   989677       18   60.92%            8      29382
 1587248   988785       60   61.62%            8      29379
 1496983   990938       22   60.17%            8      29380
 1522403   988641      178   60.63%            8      29396
 1557518   991582       18   61.10%            7      29383
 1529349   989427       45   60.72%            6      29390
 1542420   990401       45   60.90%            6      29374
 1544036   988706      148   60.96%            6      29404
 1525255   990488       53   60.63%            6      29368
 1540114   989655       64   60.88%            6      29356
 1490472   991097       77   60.06%            6      29380
 1543080   988670       77   60.95%            6      29395
 1527057   991328       48   60.64%            6      29394
 1574940   990539       59   61.39%            6      29375
 1527665   990374      125   60.67%            7      29378
 1530997   991059       56   60.70%            7      29390
 1558773   990456        9   61.15%            7      29364
 1558813   989596        9   61.17%            7      29361
 1538744   990089       15   60.85%            7      29395
 1565452   989369       63   61.27%            7      29383
 1543600   991256       17   60.89%            7      29390
 1526626   991646       82   60.62%            7      29396
 1472823   989566      200   59.81%            7      29369
 1527268   990916       49   60.65%            7      29395
 1509995   990806       16   60.38%            7      29397
 1532966   987417       86   60.82%            7      29397
 1512427   990489       19   60.43%            7      29378
 1523305   991160       19   60.58%            7      29402
 1494566   991047       19   60.13%            7      29386
 1546599   991198       18   60.94%            7      29385
 1536775   991154       45   60.79%            7      29382
 1524913   987673       61   60.69%            7      29368
 1529353   990722      105   60.69%            7      29407
 1521991   990159       45   60.59%            7      29362
 1509648   989468       25   60.41%            7      29408
 1523826   989726       17   60.62%            7      29377
 1509053   991317       29   60.35%            7      29398
 1518062   989014       83   60.55%            7      29396
 1484003   988544       82   60.02%            7      29397
 1517391   988026      186   60.56%            7      29396
 1512277   991069       28   60.41%            7      29375
 1539521   989735       20   60.87%            7      29398
 1526780   989023       21   60.69%            7      29355
 1452971   985884      153   59.58%            7      29362
 1531346   990922       21   60.71%            7      29384
 1527548   991206       30   60.65%            7      29389
 1507573   989793       41   60.37%            7      29404
 1541951   991388        9   60.87%            7      29412
 1494733   989901       21   60.16%            7      29411
 1517908   988775       53   60.55%            7      29397
 1526991   990635       18   60.65%            7      29394
 1515855   990953       66   60.47%            7      29394
 1495960   989863       44   60.18%            7      29410
 1509180   990527       18   60.37%            7      29404
 1512179   987549       41   60.49%            7      29387
 1519136   988629       85   60.58%            7      29408
 1516088   990472      197   60.48%            8      29395
 1519593   990539       42   60.54%            8      29401
 1514505   990245       40   60.47%            8      29410
 1481530   990331       31   59.94%            8      29407
 1533599   991177       18   60.74%            8      29389
 1532080   987864       59   60.80%            8      29363
 1496552   991559       19   60.15%            8      29369
 1538073   991335       20   60.81%            8      29405
 1511699   991063       18   60.40%            8      29391
 1480529   991706       22   59.89%            8      29405
 1533879   990533       18   60.76%            7      29412
 1499952   988631       59   60.27%            7      29410
 1491079   989154       35   60.12%            7      29392
 1497169   989109       20   60.22%            7      29376
 1526106   989767       26   60.66%            7      29373
 1494418   988931       41   60.18%            7      29401
 1537477   991398       20   60.80%            7      29374
 1533137   987673       93   60.82%            7      29396
 1504106   990625       30   60.29%            7      29398
 1498009   990770       87   60.19%            7      29411
 1492595   991662       40   60.08%            7      29385
 1485976   990584       10   60.00%            7      29405
 1473734   990496       38   59.81%            7      29395
 1520057   987456       70   60.62%            7      29389
 1501233   990762       17   60.24%            7      29402
 1506112   991064       17   60.31%            7      29403
 1530136   991157       17   60.69%            7      29386
 1499666   990709       16   60.22%            7      29359
 1501726   990483       17   60.26%            7      29362
stop
