    HITS   MISSES  DIRTIES HITRATIO   BUFFERS_MB  CACHED_MB
 1651431  1072077      104   60.64%           14       4514
 1428362   990483       19   59.05%           14       8383
 1420490   990318       17   58.92%           14      12251
 1429176   989478       56   59.09%           14      16116
 1382109   988708       17   58.30%           14      19977
 1350856   988670       55   57.74%           14      23840
 1298588   990101       19   56.74%           14      27708
 1266281   990409       19   56.11%            4      29341
 1259268   989102       18   56.01%            4      29328
 1285305   991236       18   56.46%            4      29329
 1280944   988353       19   56.45%            4      29305
 1274553   988187       60   56.33%            4      29302
 1296422   990440       19   56.69%            4      29328
 1275568   990935       19   56.28%            4      29315
 1278161   989225       19   56.37%            4      29322
 1283970   991591       17   56.42%            4      29303
 1280016   986805       34   56.47%            5      29308
 1264986   987594       86   56.16%            5      29317
 1229812   991547       17   55.36%            5      29326
 1275868   989808       90   56.31%            5      29343
 1265309   988927       53   56.13%            5      29315
 1288363   990879       20   56.53%            5      29322
 1285512   990025       20   56.49%            5      29318
 1282655   984857       67   56.57%            5      29302
 1278818   989051        5   56.39%            5      29324
 1300934   989606       10   56.80%            5      29326
 1274919   989161       15   56.31%            5      29327
 1275315   991530       20   56.26%            5      29308
 1306213   989248       31   56.90%            5      29338
 1400280   986830       72   58.66%            5      29328
 1426931   990321       19   59.03%            5      29333
 1401875   989451       77   58.62%            5      29313
 1410442   990153       70   58.75%            5      29316
 1410303   990611       30   58.74%            5      29323
 1451945   990732       18   59.44%            5      29329
 1429647   988098       61   59.13%            5      29326
 1438901   989693       19   59.25%            5      29335
 1452050   989115       19   59.48%            5      29335
 1423090   991401       19   58.94%            5      29330
 1435451   987574       19   59.24%            5      29302
 1448341   991521       19   59.36%            5      29334
 1453113   989138       57   59.50%            5      29305
 1415781   991223       25   58.82%            5      29334
 1393303   988557       89   58.50%            5      29334
 1446636   990992       45   59.35%            5      29310
 1432065   989551       55   59.14%            5      29300
 1447565   990454       35   59.37%            5      29327
 1465190   988243       64   59.72%            5      29309
 1426909   991545       19   59.00%            5      29302
 1431404   989939       18   59.12%            5      29301
 1453291   990891       18   59.46%            5      29300
 1429044   990709       19   59.06%            5      29307
 1444690   991430       21   59.30%            5      29317
 1474534   989141       68   59.85%            5      29295
 1439398   990652        5   59.23%            5      29301
 1449940   989297       10   59.44%            5      29325
 1459771   990230       14   59.58%            5      29336
 1440225   989657       19   59.27%            5      29317
 1427175   991579       16   59.00%            5      29326
 1447382   985327       57   59.50%            5      29289
 1441143   991437       19   59.24%            5      29328
 1439605   989799       18   59.26%            5      29331
 1457968   990254       18   59.55%            5      29306
 1429422   990524       23   59.07%            5      29328
 1442469   990728       39   59.28%            5      29340
 1442533   988338       59   59.34%            5      29309
 1384419   988526      119   58.34%            5      29336
 1440392   991498       27   59.23%            5      29316
 1440274   990464       18   59.25%            5      29344
 1452988   990750       18   59.46%            5      29329
 1435795   990521       18   59.18%            5      29335
 1455237   989320       58   59.53%            6      29328
 1449772   990755       20   59.40%            6      29293
 1434543   991484       18   59.13%            6      29330
 1440182   991106       20   59.24%            6      29338
 1458187   990902       20   59.54%            6      29332
 1429938   985743       37   59.19%            6      29316
 1450241   988436       58   59.47%            6      29315
 1457475   991268       18   59.52%            6      29301
 1407337   991174       46   58.68%            6      29332
 1451851   989028       18   59.48%            6      29333
 1425679   991584       19   58.98%            6      29335
 1400651   987578      129   58.65%            6      29301
 1429043   990272       71   59.07%            6      29298
 1462026   991696        5   59.58%            6      29317
 1441329   989332       53   59.30%            6      29295
 1442734   989728        5   59.31%            6      29327
 1443181   991657       24   59.27%            6      29336
 1444042   990012       16   59.33%            6      29332
 1442598   989463       55   59.32%            6      29312
 1466913   987725       17   59.76%            6      29307
 1455376   991581       17   59.48%            6      29332
 1431571   991432       16   59.08%            6      29319
 1447827   990629       17   59.37%            6      29304
 1465084   991365      111   59.64%           10      29321
 1435993   988031       80   59.24%           10      29317
 1430920   991238       18   59.08%           10      29323
 1453964   987666       19   59.55%           10      29299
 1423454   991229       18   58.95%           10      29306
 1429292   991242       19   59.05%           10      29330
 1444431   990606       19   59.32%           10      29308
 1418132   988930       58   58.92%           10      29288
 1437792   991137       18   59.19%           10      29301
 1443673   991558       18   59.28%           10      29328
 1417347   991542       17   58.84%           10      29312
 1440336   991169       19   59.24%           10      29314
 1443017   990685       36   59.29%           10      29320
 1414146   988560       61   58.86%           10      29324
 1437888   988789       17   59.25%           10      29289
 1452936   989834       17   59.48%           10      29292
 1405482   991271       17   58.64%           10      29294
 1433593   989786       17   59.16%           10      29319
 1451904   991242       18   59.43%           10      29328
 1421481   989290       66   58.96%           10      29315
 1422828   991008        5   58.94%           10      29314
 1450987   990913       10   59.42%           10      29294
 1425169   991217       15   58.98%           10      29323
 1409452   991013       20   58.72%           10      29331
 1422458   991356       17   58.93%           10      29319
 1415969   987831       67   58.91%           10      29327
 1385674   988401       43   58.37%           10      29318
 1411773   991540        6   58.74%           10      29334
 1380695   990123      117   58.24%           10      29332
 1418130   989587       52   58.90%           10      29327
 1428043   989552        8   59.07%           10      29329
 1440067   988615       67   59.29%           11      29334
 1429144   989180        7   59.10%           11      29306
 1410806   989580       19   58.77%           11      29323
 1443582   991614       19   59.28%           11      29304
 1439545   990862       19   59.23%           11      29311
 1452134   991095       19   59.44%           11      29311
 1447481   988632       71   59.42%           11      29310
 1438422   989924        8   59.23%           11      29307
 1454711   991571       18   59.47%           11      29310
 1457007   991391       19   59.51%           11      29319
stop
