    HITS   MISSES  DIRTIES HITRATIO   BUFFERS_MB  CACHED_MB
 1758858  1043882       35   62.75%           14       4410
 1660023   989847       19   62.65%           14       8277
 1653458   987648       62   62.60%           14      12134
 1649520   988764       59   62.52%           14      15997
 1609014   989743       56   61.91%           14      19863
 1571893   990274       43   61.35%           14      23731
 1564300   986728      161   61.32%           15      27586
 1501566   989446       18   60.28%            5      29412
 1501546   986205       66   60.36%            5      29406
 1489565   989468       80   60.09%            5      29415
 1482707   990331       45   59.95%            5      29405
 1509330   990043       21   60.39%            5      29394
 1505289   989119       62   60.35%            5      29376
 1513642   989764       20   60.46%            5      29405
 1519459   987282       57   60.61%            5      29378
 1499165   990050       10   60.23%            5      29386
 1513608   989991       14   60.46%            5      29375
 1517768   988522       35   60.56%            5      29408
 1509243   988132        5   60.43%            5      29383
 1516841   990316       15   60.50%            5      29367
 1528046   986519       65   60.77%            5      29371
 1498731   991001        6   60.20%            5      29371
 1492940   989255       56   60.15%            5      29401
 1492139   991424        6   60.08%            5      29407
 1502148   990045       18   60.27%            5      29400
 1509443   988423       66   60.43%            5      29375
 1517599   987824       57   60.57%            5      29384
 1501494   990427       19   60.25%            5      29411
 1478812   989408       91   59.91%            5      29419
 1599877   989591        7   61.78%            5      29371
 1575525   990075       18   61.41%            5      29376
 1588398   988970       46   61.63%            5      29403
 1608590   987130       68   61.97%            5      29374
 1592446   989769       19   61.67%            5      29378
 1587272   990283       19   61.58%            5      29389
 1599762   990336       20   61.76%            6      29379
 1596692   989362       35   61.74%            6      29387
 1595376   989892       17   61.71%            6      29368
 1602133   986477       66   61.89%            6      29387
 1570258   990140       46   61.33%            6      29421
 1563604   990802       72   61.21%            6      29412
 1596316   987299       37   61.79%            6      29383
 1583659   988214       69   61.58%            6      29381
 1574414   989878        9   61.40%            6      29391
 1610473   987628       53   61.99%            6      29393
 1596390   990466       10   61.71%            6      29404
 1581145   990418       14   61.49%            6      29417
 1594335   989254       20   61.71%            6      29394
 1591186   990344       16   61.64%            6      29401
 1578359   990422       16   61.44%            6      29407
 1607357   986878       70   61.96%            6      29398
 1595355   990497        6   61.70%            6      29382
 1578930   990363       16   61.45%            6      29401
 1592235   990383       17   61.65%            6      29392
 1588819   990348       16   61.60%            6      29396
 1583592   990374       17   61.52%            6      29365
 1608317   986377       67   61.98%            6      29383
 1596183   991011        7   61.70%            6      29420
 1579769   989564       18   61.49%            6      29377
 1583691   989157       18   61.55%            6      29408
 1602504   989330       18   61.83%            6      29416
 1584238   989983       18   61.54%            6      29390
 1614807   986652       60   62.07%            6      29403
 1602585   990379       18   61.81%            6      29379
 1592158   989657       17   61.67%            6      29389
 1585756   989935       19   61.57%            6      29406
 1599266   988882       36   61.79%            6      29390
 1590342   989949       18   61.63%            6      29395
 1593992   987202       67   61.75%            6      29401
 1615218   990705        8   61.98%            6      29400
 1590132   990211       17   61.62%            6      29405
 1595540   989988       43   61.71%            6      29380
 1580253   990018       18   61.48%            6      29390
 1584405   988833      112   61.57%            6      29418
 1592323   986833       87   61.74%            6      29387
 1605989   990143       11   61.86%            6      29398
 1587381   990449       15   61.58%            6      29404
 1590343   989321       21   61.65%            6      29411
 1608128   989560       21   61.91%            6      29414
 1597739   989884       17   61.75%            6      29389
 1594106   986784       67   61.77%            6      29401
 1588794   990360        6   61.60%            6      29420
 1586010   990566       17   61.55%            6      29369
 1583775   989381       17   61.55%            6      29370
 1598151   990522       17   61.74%            6      29405
 1595522   990700       17   61.69%            6      29376
 1588953   989323       70   61.63%            7      29405
 1588373   990918        7   61.58%            7      29405
 1592870   989150       19   61.69%            7      29405
 1591124   990649       19   61.63%            7      29412
 1594765   989773       19   61.70%            7      29386
 1582135   990764       19   61.49%            7      29375
 1593938   987718       60   61.74%            7      29415
 1593947   989709       17   61.69%            7      29375
 1597173   990361       18   61.73%            7      29415
 1585315   989707       19   61.57%            7      29368
 1552583   987944       90   61.11%            7      29392
 1587675   989763       52   61.60%            7      29380
 1576440   987453       62   61.49%            7      29402
 1566144   988685       57   61.30%            7      29379
 1574989   989128      101   61.42%            7      29369
 1581744   991189        9   61.48%            7      29402
 1594495   989094       21   61.72%            7      29379
 1615022   985615       69   62.10%            7      29374
 1595710   984440       50   61.85%            7      29389
 1588574   990655        5   61.59%            7      29376
 1607817   989078       14   61.91%            7      29405
 1586045   988725       20   61.60%            7      29410
 1588348   988934       16   61.63%            7      29402
 1611345   989533       15   61.95%            7      29384
 1592698   987053       70   61.74%            7      29382
 1585853   990741        6   61.55%            7      29389
 1611645   990026       18   61.95%            7      29400
 1589761   990514       18   61.61%            7      29390
 1583221   989997       18   61.53%            7      29372
 1613372   990304       18   61.97%            7      29399
 1604846   986028       68   61.94%            7      29394
 1579509   991020        7   61.45%            7      29402
 1606680   989578       18   61.88%            7      29404
 1602336   988217       18   61.85%            7      29379
 1597235   989945       53   61.74%            7      29383
 1585004   990903        7   61.53%            7      29374
 1592120   986870       61   61.73%            7      29365
 1588818   988671       69   61.64%            7      29415
 1585087   989238        8   61.57%            7      29394
 1589182   990046       20   61.61%            7      29391
 1578604   988322       81   61.50%           10      29385
 1578641   989598       21   61.47%           10      29366
 1601191   985847       65   61.89%           10      29375
 1574892   990119        8   61.40%           10      29401
 1583848   989365       17   61.55%           10      29373
 1597160   989959       17   61.74%           10      29383
 1571600   989797       67   61.36%           10      29393
 1570519   990101       19   61.33%           10      29369
 1562148   986834      197   61.29%           10      29381
stop
