    HITS   MISSES  DIRTIES HITRATIO   BUFFERS_MB  CACHED_MB
 1692069  1045741       36   61.80%           14       4364
 1455600   990107       58   59.52%           14       8231
 1444937   989275       23   59.36%           15      12095
 1447475   991391       19   59.35%           15      15968
 1343146   991573       13   57.53%           15      19840
 1313394   990986       77   57.00%           15      23712
 1342709   989743       47   57.57%           16      27578
 1225311   988336      105   55.35%           16      29336
 1214067   990237       25   55.08%            6      29335
 1169636   989437       62   54.17%            6      29352
 1215567   981349       65   55.33%            6      29348
 1255813   955540       18   56.79%            6      29355
 1239466   983273       42   55.76%            6      29368
 1190834   981834       68   54.81%            6      29342
 1171573   987866       19   54.25%            6      29374
 1129342   985224       19   53.41%            6      29376
 1028737   986988      109   51.04%            6      29366
  891376   986867       19   47.46%            6      29358
  708340   984654       20   41.84%            6      29386
  557300   982853       86   36.18%            6      29392
  435072   984534       19   30.65%            6      29398
  369510   983577       18   27.31%            5      29392
  331427   985982       56   25.16%            8      29407
  314823   985193       46   24.22%            8      29387
  304165   984853       21   23.60%            7      29389
  299735   982770       61   23.37%            7      29422
  292032   983494       68   22.90%            6      29404
  290329   985494       20   22.76%            6      29405
  279991   985153       23   22.13%            6      29394
  280295   984720       21   22.16%            6      29418
  334687   985392       20   25.35%            6      29398
  366404   980225       60   27.21%            5      29409
  350039   985567       23   26.21%            5      29398
  354839   985508       21   26.47%            5      29418
  352722   986290        9   26.34%            5      29397
  344282   985037       15   25.90%            5      29422
  354548   985710       20   26.45%            5      29426
  361053   982368       56   26.88%            5      29424
  352644   982768       17   26.41%            5      29398
  345244   984713       17   25.96%            5      29412
  351889   984044       17   26.34%            5      29422
  346272   984433       16   26.02%            5      29409
  354989   982556       17   26.54%            5      29415
  359135   981241       62   26.79%            5      29418
  340532   981832       25   25.75%            5      29400
  352335   981325       39   26.42%            5      29424
  354474   984821       19   26.47%            5      29398
  353498   984282       46   26.42%            5      29411
  343809   985467       28   25.86%            5      29429
  352688   983494       55   26.40%            5      29414
  352830   986021       18   26.35%            5      29413
  338055   986203       17   25.53%            5      29394
  346298   985941       17   25.99%            5      29434
  351923   983233       17   26.36%            5      29419
  343443   984006       20   25.87%            5      29427
  358848   982340       61   26.76%            5      29400
  358928   984059       38   26.73%            5      29392
  343175   986132       21   25.82%            5      29412
  355190   985812       21   26.49%            5      29389
  355049   984141       22   26.51%            5      29418
  349277   985213       22   26.17%            5      29424
  351536   982484       59   26.35%            5      29425
  355005   983883       22   26.51%            5      29397
  349966   985684       19   26.20%            5      29412
  345898   986859       16   25.95%            5      29402
  353075   984338       15   26.40%            5      29429
  346567   984534       16   26.04%            5      29416
  355212   983596       59   26.53%            5      29422
  351501   984181       17   26.32%            5      29408
  346901   983730       18   26.07%            5      29405
  347784   986029       18   26.07%            5      29402
  355749   981731       18   26.60%            5      29398
  390097   959573       18   28.90%            5      29403
  345722   983394       58   26.01%            5      29416
  349834   984798       19   26.21%            5      29420
  350023   985627       18   26.21%            5      29428
  347759   984478       46   26.10%            5      29401
  359439   984335       18   26.75%            5      29402
  352233   984797       18   26.34%            5      29392
  352786   978406       81   26.50%            5      29428
  352208   983925       26   26.36%            5      29418
  352519   983933       18   26.38%            5      29430
  346958   983479       18   26.08%            5      29390
  349865   983943       18   26.23%            5      29420
  349326   983380       21   26.21%            5      29407
  357155   982858       62   26.65%            5      29397
  357476   984619       41   26.64%            5      29399
  355596   985217       21   26.52%            5      29414
  345184   985768       21   25.94%            5      29414
  356595   985469       22   26.57%            5      29414
  347438   984660       22   26.08%            5      29409
  359914   984040       62   26.78%            5      29422
  348571   984572       23   26.15%            5      29392
  348917   984521       20   26.17%            5      29416
  349449   983178       12   26.22%            5      29401
  345013   982330       15   25.99%            5      29418
  350778   984773       17   26.26%            5      29389
  353411   982548       56   26.45%            5      29396
  350432   984920       18   26.24%            5      29389
  355592   983414       18   26.56%            5      29419
  344489   983694       18   25.94%            5      29397
  354092   985876       18   26.43%            5      29393
  344107   984748       18   25.89%            5      29398
  355548   983916       60   26.54%            5      29418
  361776   985846      139   26.85%            6      29386
  334749   984559       18   25.37%            5      29423
  334280   984423       19   25.35%            5      29423
  334246   982420       19   25.39%            5      29425
  343683   981106       20   25.94%            5      29404
  334302   982629       58   25.38%            6      29387
  333371   982818       20   25.33%            6      29417
  334456   983483       18   25.38%            6      29387
  340936   985489       18   25.70%            6      29403
  332985   982610       21   25.31%            5      29411
  329333   983933       21   25.08%            5      29405
  341696   983323       61   25.79%            5      29409
  332263   984426       36   25.23%            5      29398
  335595   985329       20   25.41%            5      29391
  367142   985049      701   27.15%            9      29398
  334451   983447       40   25.38%            9      29407
  330668   984499       21   25.14%            9      29386
  345701   980385       61   26.07%            5      29399
  338219   984626       23   25.57%            5      29400
  337420   983923       20   25.54%            5      29408
  340718   980693       13   25.78%            5      29392
  342493   983704       15   25.83%            5      29414
  331420   984070       16   25.19%            5      29402
  342325   981942       59   25.85%            5      29400
  334392   985032       17   25.34%            5      29390
  333329   985191       16   25.28%            5      29418
  335224   984782       17   25.40%            5      29408
  340188   985881       16   25.65%            5      29416
  339157   984404       17   25.62%            5      29417
  341238   983013       55   25.77%            5      29398
  342938   981682       22   25.89%            5      29400
stop
