    HITS   MISSES  DIRTIES HITRATIO   BUFFERS_MB  CACHED_MB
 1788556  1044031       51   63.14%           14       4384
 1680792   988829       46   62.96%           14       8246
 1638480   990423       20   62.33%           14      12115
 1635111   990117       19   62.28%           14      15983
 1627948   990516       42   62.17%           14      19852
 1617853   988075       34   62.08%           14      23711
 1542260   989884      101   60.91%           14      27578
 1495500   986159       92   60.26%            4      29398
 1488806   990001       20   60.06%            4      29393
 1522070   989708       21   60.60%            4      29382
 1510480   988729       21   60.44%            4      29409
 1511295   990727       71   60.40%            7      29385
 1515897   988615       38   60.53%            7      29411
 1521687   986895       48   60.66%            7      29381
 1499186   990487       11   60.22%            7      29400
 1503790   990020       14   60.30%            7      29376
 1506844   990266       20   60.34%            7      29402
 1504868   990121       20   60.32%            7      29399
 1507486   989882       16   60.36%            7      29408
 1508103   987228       53   60.44%            7      29415
 1500666   990192      128   60.25%            8      29404
 1496448   989603       67   60.19%            8      29413
 1473129   990118       68   59.80%            8      29389
 1491824   988503       44   60.15%            8      29409
 1495503   989144       54   60.19%            8      29409
 1512292   986737       60   60.52%            8      29385
 1489687   989732       23   60.08%            8      29366
 1453851   989349      107   59.51%            8      29403
 1495147   989509       48   60.18%            8      29389
 1572825   991021        7   61.35%            8      29391
 1585301   987490       56   61.62%            8      29399
 1591526   986449       57   61.74%            8      29396
 1536291   988781      110   60.84%            8      29395
 1541265   990912       73   60.87%            8      29408
 1557928   989694      115   61.15%            8      29403
 1575882   987790       74   61.47%            8      29406
 1566889   990255       17   61.27%            8      29388
 1595151   986697       61   61.78%            8      29407
 1572434   990184       41   61.36%            8      29389
 1580748   986468       18   61.57%            8      29381
 1587163   990287       20   61.58%            8      29370
 1579891   988915       58   61.50%            8      29376
 1573232   989696       21   61.38%            8      29401
 1594442   986524       53   61.78%            8      29391
 1586612   989636       10   61.59%            8      29368
 1583037   990536       14   61.51%            8      29399
 1595465   989597       20   61.72%            8      29414
 1587707   989808       16   61.60%            8      29367
 1584456   990004       16   61.55%            8      29371
 1586779   987411       58   61.64%            8      29393
 1584429   990347       17   61.54%            8      29384
 1583905   990177       23   61.53%            8      29395
 1587469   990136       35   61.59%            8      29363
 1583583   990024       16   61.53%            8      29388
 1581042   989189       44   61.51%            9      29390
 1575802   986855      160   61.49%            9      29388
 1586990   990132       18   61.58%            9      29391
 1583418   990108       18   61.53%            9      29395
 1583697   989225       48   61.55%            9      29396
 1580916   990222       31   61.49%            9      29372
 1583791   989033       18   61.56%            9      29372
 1573994   987616       85   61.45%            9      29387
 1570211   990073       19   61.33%            9      29371
 1566474   986968      110   61.35%            9      29393
 1579527   987279       56   61.54%            9      29384
 1593457   989032       25   61.70%            9      29405
 1573608   989381       18   61.40%            9      29391
 1564153   987341       84   61.30%            9      29392
 1568557   989405      114   61.32%            9      29372
 1568152   989684       42   61.31%            9      29396
 1585356   989492       37   61.57%            9      29369
 1585767   990104       29   61.56%            9      29373
 1582307   989289       20   61.53%            9      29395
 1582785   987995       56   61.57%            9      29391
 1589472   990264       10   61.61%            9      29389
 1568570   988501       48   61.34%           10      29392
 1579341   990430       10   61.46%           10      29377
 1598684   990374       21   61.75%           10      29389
 1566556   988692       78   61.31%           10      29385
 1585222   987744       82   61.61%           10      29390
 1592055   990369       18   61.65%           10      29387
 1581454   989196       47   61.52%           10      29387
 1593164   989475       26   61.69%           10      29389
 1601962   990392       17   61.80%           10      29395
 1590717   990111       21   61.64%           10      29399
 1585159   987510       82   61.62%           10      29407
 1587272   990015       19   61.59%           10      29396
 1597873   990428       19   61.73%           10      29379
 1574470   988828       55   61.42%           10      29408
 1591659   989162       81   61.67%           10      29407
 1601997   989750       31   61.81%           10      29403
 1584305   987752       56   61.60%           10      29376
 1567171   988976       90   61.31%           11      29405
 1582523   989768       39   61.52%           11      29415
 1578005   990358       19   61.44%           11      29369
 1591672   988944      104   61.68%           11      29390
 1592534   988018       63   61.71%           11      29386
 1577346   988169       57   61.48%           11      29396
 1568722   990162       19   61.30%           11      29408
 1592566   990098       18   61.66%           11      29390
 1569254   990470       19   61.31%           11      29377
 1571369   990465       21   61.34%           11      29373
 1586971   989868       22   61.59%           11      29404
 1571017   988176       53   61.39%           11      29379
 1578936   990856       10   61.44%           11      29400
 1584763   990571       14   61.54%           11      29405
 1564638   990157       20   61.24%           11      29411
 1573827   990685       16   61.37%           11      29388
 1583952   990180       16   61.53%           11      29392
 1577220   986040       59   61.53%           11      29410
 1578639   989729       19   61.46%           11      29364
 1577720   989650       18   61.45%           11      29378
 1571319   990024       18   61.35%           11      29389
 1579790   990373       17   61.47%           11      29394
 1569265   989579       18   61.33%           11      29382
 1590813   987519       56   61.70%           11      29411
 1568406   990398       18   61.29%           11      29395
 1580368   990135       17   61.48%           11      29371
 1583486   989456       17   61.54%           11      29378
 1574600   989819       20   61.40%           11      29403
 1571587   989465       18   61.36%           11      29405
 1547498   988044       85   61.03%           11      29379
 1559359   988819      105   61.20%           11      29385
 1574462   989279       20   61.41%           11      29393
 1586544   988239       69   61.62%           11      29368
 1562519   989013       29   61.24%           11      29390
 1567496   990158       21   61.29%           11      29400
 1601119   987331       57   61.86%           11      29394
 1593998   989899       18   61.69%           11      29368
 1596536   989127       17   61.75%           11      29397
 1607866   989575       17   61.90%           11      29400
 1581072   990415       18   61.48%           11      29383
 1597464   990448       20   61.73%           11      29411
 1579223   986560       55   61.55%           11      29399
 1572049   989862       64   61.36%           11      29375
stop
