    HITS   MISSES  DIRTIES HITRATIO   BUFFERS_MB  CACHED_MB
 1750643  1042804       27   62.67%           14       4353
 1662296   990525       19   62.66%           14       8222
 1635952   985075       60   62.42%           14      12069
 1644020   990503       20   62.40%           14      15938
 1615206   990423       19   61.99%           14      19807
 1570576   990121       19   61.33%           14      23675
 1544296   990215       20   60.93%           14      27543
 1496278   990337       18   60.17%           14      29452
 1489314   988153       59   60.11%           14      29443
 1458491   988914       19   59.59%            4      29453
 1458625   989396       51   59.58%            4      29450
 1465510   987395       40   59.75%            4      29461
 1447945   984809      167   59.52%            5      29460
 1467829   985600       59   59.83%            5      29471
 1471941   984888       77   59.91%            5      29467
 1460554   989041       20   59.62%            4      29456
 1464703   988267       20   59.71%            4      29482
 1466021   986634       21   59.77%            4      29471
 1462940   988985       21   59.66%            4      29466
 1462417   988401       21   59.67%            4      29472
 1443511   986671       74   59.40%            5      29487
 1402540   989431       10   58.64%            5      29485
 1335028   988909        9   57.45%            5      29495
 1259875   989105       14   56.02%            5      29477
 1198698   988368       20   54.81%            5      29489
 1150656   988234       16   53.80%            5      29493
 1099122   987459       55   52.68%            5      29466
 1025260   987190       22   50.95%            5      29498
  987560   986356       19   50.03%            5      29492
  937225   984245       17   48.78%            5      29509
  973628   987553       17   49.64%            4      29502
  971510   988430       18   49.57%            5      29511
  964919   986022       61   49.46%            5      29519
  976342   988207       19   49.70%            4      29526
  970710   988018       18   49.56%            4      29506
  993018   990028       18   50.08%            4      29519
 1004829   988228       19   50.42%            4      29522
  988587   988057       17   50.01%            4      29504
  972748   987553       55   49.62%            4      29520
  995627   988804       18   50.17%            3      29490
  956497   986228       17   49.23%            3      29509
  958744   988495       20   49.24%            3      29496
 1014511   989064       20   50.64%            3      29495
  940957   988425       20   48.77%            3      29508
  954579   989207      162   49.11%            7      29486
  978964   988270       21   49.76%            7      29496
  967680   989078       46   49.45%            7      29513
  957444   988591       22   49.20%            6      29517
  957570   989002       22   49.19%            5      29490
  993457   988079       59   50.14%            5      29507
  965279   985109      122   49.49%            5      29495
  964415   989371       37   49.36%            5      29507
 1011418   989090        9   50.56%            5      29509
  977235   986304       15   49.77%            5      29496
 1007850   988536       58   50.48%            5      29480
  974949   989222       17   49.64%            5      29509
  983435   985898       62   49.94%            5      29509
 1000138   989481       18   50.27%            5      29492
  978876   988672       18   49.75%            5      29508
  968805   989072       18   49.48%            5      29491
 1026764   989623       18   50.92%            5      29519
  965583   989252       19   49.39%            5      29519
  950166   985488       59   49.09%            5      29485
 1008062   989450       20   50.47%            5      29517
  992502   988841       19   50.09%            5      29501
  988503   988563       19   50.00%            5      29493
  998876   987807       19   50.28%            5      29495
  970392   987470       20   49.56%            5      29515
  982531   986154       60   49.91%            5      29495
  988352   988716       19   49.99%            5      29518
  957225   988579       18   49.19%            5      29512
  976911   989313       18   49.68%            5      29504
  976619   989861       21   49.66%            5      29496
 1001557   989739       21   50.30%            5      29517
 1007123   987289       79   50.50%            5      29511
  961672   988906       20   49.30%            5      29515
  952925   989629       20   49.06%            5      29520
  997545   988211       21   50.24%            5      29514
 1023038   989755       26   50.83%            5      29517
  977420   987575       46   49.74%            5      29490
 1002151   986604      185   50.39%            5      29517
  931748   987192       42   48.56%            5      29516
  976600   988583      103   49.70%            5      29486
  994631   988464       14   50.16%            5      29520
 1000775   989979       20   50.27%            5      29517
 1018208   988476       54   50.74%            5      29521
  962460   986437       59   49.38%            5      29518
  938096   988700       21   48.69%            5      29502
  930092   988172       17   48.49%            5      29496
  959124   988756       17   49.24%            5      29514
  972860   988938       17   49.59%            5      29490
  991686   989037       18   50.07%            5      29507
  955553   982885       60   49.29%            5      29488
  993354   988490       57   50.12%            5      29488
  952254   989636       48   49.04%            5      29487
  946216   988927       65   48.90%            5      29487
  968545   987761       72   49.51%            5      29515
  975891   988978       26   49.67%            5      29506
  966097   985891       57   49.49%            5      29505
  954351   988200       18   49.13%            5      29487
 1010724   988846       17   50.55%            5      29493
  992314   989391       46   50.07%            5      29502
  955697   988846       95   49.15%            5      29505
  991316   986833       22   50.11%            5      29515
 1029480   965034      119   51.62%            5      29507
 1019943   975854       22   51.10%            5      29509
  958976   981935       22   49.41%            5      29506
  998372   977856       22   50.52%            5      29508
  974558   989349       25   49.62%            5      29503
 1064913   989883       43   51.83%            5      29516
  973941   987139       71   49.66%            5      29515
  950263   988392       39   49.02%            5      29504
  976497   989277       19   49.67%            5      29503
  949173   987971       15   49.00%            5      29489
  976352   989940       21   49.65%            5      29519
  941345   988624       17   48.78%            5      29506
  992576   985926       66   50.17%            5      29502
 1008276   986453       38   50.55%            5      29515
  981255   989624       18   49.79%            5      29497
  987356   988341       18   49.98%            5      29510
  974768   987910       54   49.67%            5      29482
  982200   988919      115   49.83%            5      29504
 1011040   987472       76   50.59%            5      29484
  991446   988077       20   50.09%            5      29519
  980008   984351       56   49.89%            5      29490
  972904   985357      236   49.68%            5      29515
  950512   989645       50   48.99%            5      29495
  955883   988811       18   49.15%            5      29498
 1058039   985523       90   51.77%            5      29508
  979083   987271       27   49.79%            5      29504
  986312   984410       18   50.05%            5      29516
  943692   987967       21   48.85%            5      29509
  989134   989541       21   49.99%            5      29494
  979596   986562       93   49.82%            6      29484
  982804   987991       69   49.87%            5      29482
stop
