    HITS   MISSES  DIRTIES HITRATIO   BUFFERS_MB  CACHED_MB
 1584808  1045307       32   60.26%           14       4418
 1430423   991023       18   59.07%           14       8288
 1407887   990055       38   58.71%           15      12156
 1427389   991485       20   59.01%           15      16029
 1413628   991751       20   58.77%           15      19902
 1391351   987812       57   58.48%           15      23761
 1402965   990274       22   58.62%           15      27629
 1365520   991012       21   57.95%            5      29252
 1390542   987933       22   58.46%            5      29255
 1386510   990647       22   58.33%            5      29268
 1391286   991813       13   58.38%            5      29261
 1387972   987139       53   58.44%            5      29248
 1337196   991094       14   57.43%            5      29264
 1383823   991650       19   58.25%            5      29231
 1378651   991812       16   58.16%            5      29270
 1386171   986784       15   58.42%            5      29268
 1377853   989782       17   58.20%            5      29242
 1395282   987512       53   58.56%            5      29244
 1377203   990170       19   58.17%            5      29248
 1373709   991625       17   58.08%            5      29236
 1393078   989103       18   58.48%            5      29244
 1378524   989302       18   58.22%            5      29267
 1398378   991257       18   58.52%            5      29254
 1370056   988729       59   58.08%            5      29231
 1386592   985503       18   58.45%            5      29252
 1389747   990407       17   58.39%            5      29257
 1378344   988894       18   58.23%            5      29242
 1369776   991775       18   58.00%            5      29231
 1381466   991149       19   58.23%            5      29246
 1379989   989528       60   58.24%            5      29255
 1439883   991595       19   59.22%            5      29243
 1569325   992038       22   61.27%            5      29261
 1604753   991495       36   61.81%            5      29271
 1564347   991785       20   61.20%            5      29260
 1566867   991465       19   61.25%            5      29255
 1526507   988181       60   60.70%            5      29273
 1561454   991572       20   61.16%            5      29246
 1555137   988382       20   61.14%            5      29273
 1552254   989615       87   61.07%            7      29222
 1551944   991688       22   61.01%            7      29233
 1537797   990474       13   60.82%            7      29244
 1573082   988997       50   61.40%            8      29258
 1565946   991371       15   61.23%            8      29246
 1547301   991686       19   60.94%            8      29263
 1560876   991311       17   61.16%            8      29243
 1566911   991359       16   61.25%            8      29231
 1516054   990533       18   60.48%            8      29265
 1559211   988257       58   61.21%            8      29262
 1554972   990399       18   61.09%            8      29246
 1513266   990889       16   60.43%            8      29253
 1542223   990953       17   60.88%            8      29232
 1496515   988567       17   60.22%            8      29265
 1525395   989107       17   60.66%            8      29272
 1567152   982656       55   61.46%            8      29262
 1593152   990476       20   61.66%            8      29238
 1527801   991194       19   60.65%            8      29267
 1554656   991468       19   61.06%            8      29250
 1611990   991071       18   61.93%            8      29235
 1519866   991282       19   60.52%            8      29251
 1558717   988034       61   61.20%            8      29252
 1591118   990939       19   61.62%            8      29262
 1528721   991474       18   60.66%            8      29249
 1555241   989883       41   61.11%            8      29231
 1573642   991762       18   61.34%            8      29248
 1561311   987084       19   61.27%            8      29261
 1541810   988525       54   60.93%            8      29275
 1587639   987679       21   61.65%            8      29246
 1531296   991347       20   60.70%            8      29248
 1554364   990161       23   61.09%            8      29224
 1571668   991157       24   61.33%            8      29233
 1569220   990116       13   61.31%            8      29244
 1563172   988707       52   61.26%            8      29243
 1569037   991600       14   61.28%            8      29252
 1584470   990967       19   61.52%            8      29231
 1563010   987458       15   61.28%            8      29253
 1503972   991631       16   60.26%            8      29264
 1581233   990799       17   61.48%            8      29249
 1546358   987825       57   61.02%            8      29251
 1581210   987112       18   61.57%            8      29251
 1556208   986799       18   61.20%            8      29249
 1563496   989833      117   61.23%           10      29248
 1540476   990895       46   60.86%           10      29226
 1580562   991197       17   61.46%           10      29263
 1516585   987663       58   60.56%           10      29222
 1531733   989352       19   60.76%           10      29259
 1546924   991623       18   60.94%           10      29247
 1489880   991699       18   60.04%           10      29258
 1513169   991197       18   60.42%           10      29266
 1485518   990336       18   60.00%           10      29253
 1491226   988419       58   60.14%           10      29232
 1540913   991648       20   60.84%           10      29242
 1528692   991363       20   60.66%           10      29230
 1529660   988682       36   60.74%           10      29228
 1553662   991167      110   61.05%           10      29257
 1561499   989259       61   61.22%           10      29252
 1521994   988856       64   60.62%           10      29223
 1498709   991550       19   60.18%           10      29260
 1533324   991705       19   60.73%           10      29242
 1519501   991377       22   60.52%           10      29223
 1511602   987723       20   60.48%           10      29253
 1518483   991345       13   60.50%           10      29255
 1534187   988890       50   60.81%           10      29254
 1513654   990781       15   60.44%           10      29239
 1522813   989490       20   60.61%           10      29241
 1545816   985372       17   61.07%           10      29234
 1504402   990958       16   60.29%           10      29256
 1505468   991173       18   60.30%           10      29264
 1534319   988785       58   60.81%           10      29255
 1510797   987494       18   60.47%           10      29256
 1506044   991572       17   60.30%           10      29242
 1557270   990054       18   61.13%           10      29264
 1474497   991671       17   59.79%           10      29253
 1510197   991011       17   60.38%           10      29239
 1546366   987402       58   61.03%           10      29225
 1526678   991739       20   60.62%           10      29235
 1512057   991715       18   60.39%           10      29224
 1575621   991753       19   61.37%           10      29241
 1542836   990090       19   60.91%           10      29265
 1544177   991746       19   60.89%           10      29262
 1598246   989015       62   61.77%           10      29248
 1536127   991672       22   60.77%           10      29237
 1551835   991662       19   61.01%           10      29247
 1531753   989797       34   60.75%           10      29236
 1525603   990491       19   60.63%           10      29248
 1529424   989313       18   60.72%           10      29242
 1551534   987824       57   61.10%           10      29244
 1547226   990529       21   60.97%           10      29257
 1538017   991714       20   60.80%           10      29246
 1564835   990641       84   61.23%           10      29256
 1566017   988166       27   61.31%           10      29269
 1568391   985454       13   61.41%           10      29262
 1590042   988204       54   61.67%           11      29260
 1585824   990770       16   61.55%           11      29245
 1523891   989364       19   60.63%           11      29253
 1551297   988033       16   61.09%           11      29241
stop
