    HITS   MISSES  DIRTIES HITRATIO   BUFFERS_MB  CACHED_MB
 1779170  1043032       31   63.04%           14       4363
 1638699   990341        6   62.33%           14       8232
 1605327   990642       17   61.84%           14      12101
 1525322   991065       96   60.62%           17      15968
 1336721   989021       89   57.48%           18      19832
  589563   871464        8   40.35%           18      23235
  553966   375253       15   59.62%           18      24702
  855130   207797       22   80.45%           18      25514
  751389   141032      130   84.20%           18      26064
  729317   106519        8   87.26%           18      26480
  861394    84191      101   91.10%           18      26809
  890803    70317        9   92.68%           18      27083
  875930    59707       18   93.62%           18      27317
  856430    51328       25   94.35%           18      27518
  820521    45034      107   94.80%           18      27694
  921019    40616       58   95.78%           18      27852
  831435    36794       93   95.76%           18      27996
  826570    33191       10   96.14%           18      28125
  816407    30835       17   96.36%           18      28245
  873141    28216       24   96.87%           18      28355
  986556    26051       36   97.43%           18      28456
  980962    24181       17   97.59%           18      28551
  886018    23013       95   97.47%           18      28640
  849280    21359       12   97.55%           18      28724
  952715    20180       98   97.93%           18      28802
  875142    18757       12   97.90%           18      28876
  780300    18002       48   97.74%           18      28946
  924571    17019      138   98.19%           18      29012
  937326    16169       56   98.30%           18      29076
  946670    15399       39   98.40%           18      29136
  826797    14926      149   98.23%           18      29194
  858043    14118        6   98.38%           18      29249
  958009    13460       14   98.61%           18      29302
  845329    15475      146   98.20%           19      29361
  998965    12542       73   98.76%           19      29411
  870870    11848        7   98.66%           19      29457
  889558    11709       14   98.70%           19      29503
  963395    11350       14   98.84%           19      29547
  939868    10577       21   98.89%           19      29588
  979453    10503       31   98.94%           19      29629
  924832    10314       58   98.90%           19      29603
  835851     9977       35   98.82%           19      29642
  953851     9959       23   98.97%           19      29645
 1040171     9994       16   99.05%           19      29646
  929367     9938       18   98.94%           19      29652
  967862     9728       34   99.00%           19      29654
  894717     9656       64   98.93%           19      29658
  913051     9485        9   98.97%           18      29653
  938123     9725       16   98.97%           18      29658
  947392     9717       17   98.98%           18      29656
 1047210     9529       18   99.10%           18      29659
  935595     9417       16   99.00%           18      29660
  935780     9464       64   99.00%           18      29658
  911140     9438        4   98.97%           18      29660
  817146     9122       10   98.90%           18      29659
  910172     9258       14   98.99%            8      29625
  941354     9029       18   99.05%            8      29625
  813827     9051       14   98.90%            8      29652
  907128     9075       60   99.01%            8      29661
  931781     9002        7   99.04%            8      29667
  894330     8943       13   99.01%            8      29666
  867356     8978      106   98.98%            8      29662
  851650    10250        6   98.81%            8      29662
  960401    10972       22   98.87%            8      29641
 1055303    11397       88   98.93%            8      29658
  963379    11749       14   98.80%            8      29654
  991775    11791       33   98.83%            8      29646
  939483    12366      104   98.70%            8      29627
  926234    12187       53   98.70%            8      29647
  859242    12267       16   98.59%            8      29662
  819206    12049       61   98.55%            8      29659
  822221    12041        9   98.56%            8      29665
  842328    11979       17   98.60%            8      29664
 1000352    11935       16   98.82%            8      29665
  777802    11671       16   98.52%            8      29666
  776243    11742       40   98.51%            8      29672
  847505    11537      148   98.66%            8      29670
  931764    11239       46   98.81%            8      29672
 1116167    11070       75   99.02%            8      29680
  791751    11237       87   98.60%            9      29679
  973646    10716       35   98.91%            9      29671
 1049645    10315       18   99.03%            9      29662
  915852    10001       95   98.92%            9      29676
  874011    10088       13   98.86%            9      29676
  815358     9965       10   98.79%            9      29675
  948026     9831       13   98.97%            9      29673
  957712    11539      118   98.81%            9      29670
  947536     9531       58   99.00%            9      29672
  887843     9381       48   98.95%            9      29672
  815443     9362        7   98.86%            9      29672
  960074     9360       15   99.03%            9      29675
  994835     9374       49   99.07%            9      29670
  743188     9420        6   98.75%            9      29669
  857125     9737       15   98.88%            9      29665
  771796    10096      102   98.71%            9      29675
  912159    10106        7   98.90%            9      29673
  926301    10458       15   98.88%            9      29673
  871640    10582       15   98.80%            9      29680
  904972    10474       79   98.86%            9      29686
  910278    10589       39   98.85%            9      29680
  824893    10798       63   98.71%            8      29675
  952260    10703       47   98.89%            8      29684
  924169    10565       17   98.87%            8      29685
  931238    10579       18   98.88%            8      29677
 1082688    10443       39   99.04%            8      29687
  945372    10479       35   98.90%            8      29685
 1006936    10226       66   98.99%            8      29681
  818961    10320       49   98.76%            8      29687
  882827    10446       17   98.83%            8      29690
  942279    10283       24   98.92%            8      29682
  996711    10070      101   99.00%            8      29685
  863248    10139       40   98.84%            8      29682
  834507    10237       94   98.79%            8      29686
  964084    10012       17   98.97%            8      29683
  804401    10147       13   98.75%            8      29685
  920653     9935       12   98.93%            8      29684
 1036254     9961       42   99.05%            8      29687
 1027815     9863       98   99.05%            8      29682
  770396     9952       56   98.72%            8      29681
  858356    10223       71   98.82%            8      29681
  884427    10211       14   98.86%            8      29687
  877122    10286       14   98.84%            8      29690
 1005616    10267       58   98.99%            8      29690
  898950    10536      100   98.84%            8      29691
  805449    10628       54   98.70%            8      29686
  963165    10398        7   98.93%            8      29689
  942649    10526       43   98.90%            8      29687
  963444    10644       23   98.91%            8      29688
  805224    10353       21   98.73%            8      29691
  872689    10673       96   98.79%            8      29696
  972713    10326       84   98.95%            8      29689
  896264    10290       38   98.86%            8      29691
  822145    10504       26   98.74%            8      29687
  992925    10333       17   98.97%            8      29688
  966398    10308       17   98.94%            8      29691
stop
