    HITS   MISSES  DIRTIES HITRATIO   BUFFERS_MB  CACHED_MB
 1567681  1048589       29   59.92%           14       4393
 1467006   990806       23   59.69%           14       8264
 1431680   988299       63   59.16%           14      12124
 1399561   989632       20   58.58%           14      15990
 1332058   989857      169   57.37%           15      19855
 1332056   988372       62   57.41%           15      23716
 1266869   990973       22   56.11%           15      27586
 1150329   989161       42   53.77%            5      29383
 1113520   987049       67   53.01%            5      29374
 1106860   985580       22   52.90%            5      29390
 1124655   986897       21   53.26%            5      29375
 1100241   989775       30   52.64%            5      29377
 1102184   985632        9   52.79%            5      29401
 1108414   982768        9   53.00%            5      29375
 1086866   986483       61   52.42%            5      29394
 1058267   990527       40   51.65%            5      29371
 1086611   990962       17   52.30%            5      29407
 1083988   986866       16   52.34%            5      29392
 1022999   987741       49   50.88%            5      29386
 1029442   989393       18   50.99%            5      29380
  984345   987246      138   49.93%            5      29374
  951462   989992       23   49.01%            5      29393
  936121   989559       17   48.61%            5      29410
  937794   987820       41   48.70%            5      29368
  916588   989057       27   48.10%            5      29398
  897845   989789       19   47.56%            5      29393
  884608   986670       60   47.27%            5      29406
  878558   990063       20   47.02%            5      29396
  874603   989272       45   46.92%            5      29383
  860610   989581       19   46.51%            5      29370
  939407   988434       19   48.73%            5      29383
  965226   988628       43   49.40%            5      29396
  959982   986687      165   49.31%            8      29399
  935201   989749       57   48.58%            8      29387
  918521   988018       20   48.18%            8      29377
  911375   987293       35   48.00%            8      29399
  913464   988422       18   48.03%            8      29375
  902408   989193       18   47.71%            8      29391
  909339   986901       97   47.95%            8      29412
  900464   989189       23   47.65%            8      29405
  900508   989564       22   47.64%            8      29393
  895073   988131       66   47.53%            8      29404
  887968   988582       10   47.32%            8      29388
  882563   988787        9   47.16%            8      29402
  885286   986545       55   47.30%            8      29407
  887402   989342       23   47.28%            8      29394
  886317   988525       17   47.27%            8      29378
  887573   989380       17   47.29%            8      29394
  873697   988432       17   46.92%            8      29378
  882633   988390       17   47.17%            8      29390
  893842   985388       59   47.56%            8      29390
  900003   989249       19   47.64%            8      29386
  884412   989645       18   47.19%            8      29395
  835959   988569       18   45.82%            8      29379
  847846   987692       18   46.19%            8      29387
  824106   987813       18   45.48%            8      29397
  814354   986495       55   45.22%            8      29402
  799179   988910       20   44.69%            8      29388
  797378   988901       19   44.64%            8      29396
  816466   989155       19   45.22%            8      29381
  821970   989106       19   45.39%            8      29368
  822724   988918       19   45.41%            8      29376
  833846   985686       66   45.83%            8      29377
  824475   988748       20   45.47%            8      29409
  829978   988066       35   45.65%            8      29373
  829570   988452       36   45.63%            8      29407
  817433   988733       30   45.26%            9      29412
  843965   988145       18   46.07%            9      29367
  828658   986303       58   45.66%            9      29407
  832438   989289       20   45.69%            9      29366
  834120   989473       21   45.74%            9      29403
  831964   988988       21   45.69%            9      29390
  835325   989077       13   45.79%            9      29397
  824277   989253       10   45.45%            9      29369
  835144   986016      122   45.86%            9      29373
  841781   987642       21   46.01%            9      29403
  824038   988294       17   45.47%            9      29387
  826167   987548       40   45.55%            9      29389
  830334   988097       26   45.66%            9      29400
  825960   989233       18   45.50%            9      29366
  825852   986588       54   45.57%            9      29392
  827513   988825       19   45.56%            9      29377
  828267   988806       18   45.58%            9      29384
  837355   988369       18   45.86%            9      29397
  831054   989217       18   45.66%            9      29383
  831890   988160       19   45.71%            9      29394
  832885   986604       68   45.78%            9      29385
  823914   989087        9   45.44%            9      29370
  836990   988737       19   45.84%            9      29385
  847127   988955       18   46.14%            9      29392
  853734   987858       19   46.36%            9      29374
  822694   989170       19   45.41%            9      29397
  835009   986442       70   45.84%            9      29394
  841289   988596        8   45.97%            9      29378
  843254   986991       39   46.07%            9      29385
  838011   989285       18   45.86%            9      29394
  855642   989152       17   46.38%            9      29386
  869944   989310       17   46.79%            9      29366
  872512   986395      101   46.94%            9      29400
  857941   988890        9   46.45%            9      29363
  863064   988205       18   46.62%            9      29397
  888732   987935       20   47.36%            9      29407
  858130   988581       13   46.47%            9      29392
  833900   988677       10   45.75%            9      29375
  839825   984553       99   46.03%            9      29395
  831189   988525        9   45.68%            9      29393
  836730   988477       16   45.84%            9      29370
  837292   989007       50   45.85%            9      29377
  843168   988772       17   46.03%            9      29389
  853061   988505       17   46.32%            9      29397
  849681   986313       98   46.28%            9      29393
  832542   989167        7   45.70%            9      29380
  848348   989736       89   46.15%           11      29388
  826041   988057       37   45.53%           11      29392
  823198   988835       19   45.43%           11      29377
  822058   988197       18   45.41%           11      29360
  827421   986709       64   45.61%           11      29387
  826433   988718        8   45.53%           11      29371
  825201   989230       18   45.48%           11      29405
  812404   989182       18   45.09%           11      29395
  804548   989034       55   44.86%           11      29403
  809146   989194       22   44.99%           11      29389
  842913   986464       71   46.08%           11      29365
  818971   988067       10   45.32%           11      29398
  804384   987240       36   44.90%           11      29380
  843679   988047       18   46.06%           11      29359
  826848   989070       22   45.53%           11      29396
  825661   989072       18   45.50%           11      29381
  827736   985921       67   45.64%           11      29399
  819847   989215        9   45.32%           11      29386
  823713   988601       19   45.45%           11      29391
  808853   987455       22   45.03%           11      29393
  802556   989335       16   44.79%           11      29381
  787007   988434       11   44.33%           11      29393
  835989   986401       71   45.87%           11      29368
stop
