    HITS   MISSES  DIRTIES HITRATIO   BUFFERS_MB  CACHED_MB
 1477902  1043361       87   58.62%           14       4415
 1335449   988215        9   57.47%           14       8275
 1299398   987052      149   56.83%           17      12127
 1219688   990410       43   55.19%           17      15996
 1056077   978821       43   51.90%           17      19820
  177349   858399       19   17.12%           17      23173
  506311   366673       70   58.00%           17      24605
  674338   206146        9   76.59%           17      25411
  764450   141033       23   84.42%           17      25961
  827670   106386       30   88.61%           17      26377
  781561    84593        4   90.23%           17      26707
  821844    70543       10   92.10%           18      26983
  811027    60096       71   93.10%           18      27217
  771157    52382        6   93.64%           18      27422
  798323    45728       16   94.58%           18      27601
  832835    40595       16   95.35%           18      27760
  828012    36909       16   95.73%           18      27904
  940460    33211       17   96.59%           18      28033
  840166    30510       66   96.50%           18      28153
  732668    28389        6   96.27%           18      28263
  769496    26198       18   96.71%           18      28366
  845057    24533       18   97.18%           18      28462
  846088    22657       18   97.39%           18      28550
  784345    21705       18   97.31%           18      28635
  858879    20239       72   97.70%           18      28714
  824277    18905        8   97.76%           18      28788
  846264    18203       17   97.89%           18      28859
  878541    17290       18   98.07%           18      28926
  868445    16339       18   98.15%           18      28990
  847684    15576       17   98.20%           18      29051
  898887    14796       66   98.38%           18      29109
  796387    14274        8   98.24%           18      29164
  933456    13509       37   98.57%           18      29217
  825839    13119       20   98.44%           18      29268
  845761    12602       18   98.53%           18      29318
  957157    12216       18   98.74%           18      29365
  909783    58798       70   93.93%            8      29352
  779760   129004        8   85.80%            8      29352
  686527   206855       17   76.85%            8      29351
  679216   272756       27   71.35%            8      29357
  608077   342292        4   63.98%            8      29381
  416166   408891       10   50.44%            8      29378
  496398   442353       66   52.88%            8      29372
  240074   472138        6   33.71%            8      29368
  283193   486709       74   36.78%            9      29379
  280282   479217        6   36.90%            9      29378
  376223   445705       18   45.77%            9      29372
  403715   419720       18   49.03%            9      29374
  492423   360866       70   57.71%            9      29374
  702677   294556        6   70.46%            9      29362
  720449   237310       17   75.22%            9      29380
  690135   195733       17   77.90%            9      29387
  758591   165658       18   82.08%            9      29377
  658482   142708       18   82.19%            9      29380
  605295   126499       68   82.71%            9      29368
  755047   112431        8   87.04%            9      29353
  731259   103200       97   87.63%            9      29352
  820103    93443       10   89.77%            9      29364
  731733    86394       22   89.44%            9      29398
  745980    79136       19   90.41%            9      29353
  799844    74025       72   91.53%           10      29391
  776437    69110        9   91.83%           10      29357
  721836    63889       34   91.87%           10      29354
  825175    59574       17   93.27%           10      29385
  987423    56414       17   94.60%           10      29353
  838887    53795       17   93.97%           10      29361
  754143    50509       64   93.72%           10      29357
  842754    47237        9   94.69%           10      29389
  872513    45290       91   95.07%           10      29364
  939887    43351       36   95.59%           10      29382
  642565    41358        4   93.95%           10      29391
  883691    39397       10   95.73%           10      29394
  871337    37662       71   95.86%           10      29389
  936204    35914        6   96.31%           10      29378
  840039    53606       16   94.00%           10      29386
  702869   166101       16   80.89%           10      29377
  621259   274883       16   69.33%           10      29392
  568331   349924       17   61.89%           10      29396
  376178   424823       65   46.96%           10      29359
  424055   462304        6   47.84%           10      29383
  407920   498955       18   44.98%           10      29367
  452442   508366       18   47.09%           10      29380
  370375   498743       18   42.62%           10      29365
  372708   473042       19   44.07%           10      29385
  391654   429064       80   47.72%           10      29364
  563880   365051        8   60.70%           10      29395
  502501   309889       20   61.85%           10      29393
  774184   251464       18   75.48%           10      29365
  670777   202473       18   76.81%           10      29348
  771031   175425       18   81.47%           10      29378
  775087   146722       67   84.08%           10      29395
  629020   128992        9   82.98%           10      29394
  809204   114916       81   87.56%           10      29388
  734425   104882       21   87.50%           10      29393
  915410    95086       18   90.59%           10      29362
  780491    85447       18   90.13%           11      29392
  879827    79189       69   91.74%           11      29348
  779695    73195        9   91.42%           11      29380
  860429    69544       20   92.52%           11      29350
  834411    64772       30   92.80%           11      29350
  781988    60638        4   92.80%           11      29385
  816610    57586       10   93.41%           11      29357
  777206    54237       68   93.48%           11      29366
  791932    51482        6   93.90%           11      29365
  786965    48723       17   94.17%           11      29355
  922834    46649       16   95.19%           11      29385
  805854    44710       16   94.74%           11      29357
  872502    42308       18   95.38%           11      29372
  866516    40474       73   95.54%           11      29378
  762465    38701        6   95.17%           11      29378
  890186    53338      146   94.35%           11      29382
  789312   124557        6   86.37%           11      29364
  683333   202601       17   77.13%           11      29397
  594709   271765       31   68.64%           11      29391
  645798   333109       55   65.97%           11      29386
  611451   381521       19   61.58%           11      29372
  577494   425196       19   57.59%           11      29365
  352584   449453        7   43.96%           11      29375
  435088   455166       34   48.87%           11      29375
  444354   470290        7   48.58%           11      29364
  400339   455473       70   46.78%           11      29382
  449167   414324        9   52.02%           11      29363
  410169   380428       36   51.88%           11      29363
  546967   317678       26   63.26%           11      29392
  578712   266893       17   68.44%           11      29373
  614128   220193       17   73.61%           11      29375
  789708   186705       54   80.88%           11      29347
  789114   156039       21   83.49%           11      29350
  667033   140099        9   82.64%           11      29392
  747995   122522       30   85.93%           11      29366
  806887   109599        9   88.04%           11      29390
  833129   100607       15   89.23%           11      29379
  823646    90700       63   90.08%           11      29380
  719955    83224        6   89.64%           11      29352
  740226    78312       16   90.43%           11      29354
stop
