    HITS   MISSES  DIRTIES HITRATIO   BUFFERS_MB  CACHED_MB
 1648570  1046419       36   61.17%           14       4418
 1413998   988710       75   58.85%           15       8282
 1434951   991751       19   59.13%           15      12155
 1385823   990091      134   58.33%           15      16022
 1420371   989621       28   58.94%           15      19887
 1416496   991021       19   58.84%           15      23760
 1445000   990633       19   59.33%           15      27629
 1403809   989171       60   58.66%           15      29214
 1389732   991311       19   58.37%           15      29230
 1415753   989053       18   58.87%           15      29211
 1414928   990589       17   58.82%           15      29211
 1327687   990080       94   57.28%            5      29219
 1335415   988973      128   57.45%            5      29232
 1388941   986899      159   58.46%            5      29238
 1385002   985455       51   58.43%            5      29244
 1392439   988120       30   58.49%            5      29243
 1424409   989400       21   59.01%            5      29243
 1328703   986602       21   57.39%            5      29257
 1373494   986177       76   58.21%            5      29240
 1411356   986550       84   58.86%            5      29262
 1349001   991387       10   57.64%            5      29264
 1387855   987845       60   58.42%            5      29238
 1396854   990828      104   58.50%            5      29242
 1345346   990783       17   57.59%            5      29273
 1388226   991820       17   58.33%            5      29243
 1428563   988531      117   59.10%            7      29249
 1359634   990513       23   57.85%            7      29261
 1398880   990822       18   58.54%            7      29271
 1419141   987779       20   58.96%            7      29260
 1517943   991190       18   60.50%            6      29259
 1549684   990301       19   61.01%            6      29281
 1580640   988187       59   61.53%            6      29283
 1531844   991364       19   60.71%            5      29271
 1557244   989060       19   61.16%            5      29271
 1583190   990209       18   61.52%            5      29264
 1548569   989818       19   61.01%            5      29269
 1522561   989331       20   60.61%            5      29276
 1501605   986526       57   60.35%            6      29274
 1539506   983081       21   61.03%            6      29275
 1544482   987386       20   61.00%            6      29296
 1559746   990920       19   61.15%            6      29279
 1565642   991427       21   61.23%            6      29298
 1530837   990038       35   60.73%            6      29292
 1560521   988709       62   61.22%            6      29279
 1585323   989249       21   61.58%            6      29287
 1530787   991313       20   60.69%            6      29300
 1555104   990369       21   61.09%            6      29275
 1568821   991463       22   61.28%            6      29298
 1501546   991124       22   60.24%            5      29308
 1542534   988340       55   60.95%            5      29306
 1520418   990859       17   60.54%            5      29282
 1517646   983445       52   60.68%            5      29279
 1542681   981879       15   61.11%            5      29285
 1528613   988412      108   60.73%            5      29289
 1501503   989376       56   60.28%            5      29294
 1555563   988494       58   61.14%            5      29282
 1573156   990177       19   61.37%            5      29310
 1519101   987789       18   60.60%            5      29296
 1550460   989754       18   61.04%            5      29293
 1530704   990580       84   60.71%            5      29286
 1499148   989284       44   60.24%            5      29297
 1549462   988385       58   61.05%            5      29301
 1584968   989467       46   61.57%            5      29288
 1539258   991655       24   60.82%            5      29292
 1530304   990175       17   60.71%            5      29299
 1579913   990901       17   61.46%            5      29293
 1515341   991233       23   60.45%            5      29287
 1530485   988211       81   60.76%            5      29306
 1484195   989763       80   59.99%            5      29302
 1535478   990117       73   60.80%            5      29286
 1522825   990931       28   60.58%            5      29289
 1543260   990907       20   60.90%            5      29294
 1568911   989744       39   61.32%            5      29301
 1520042   988724       60   60.59%            5      29289
 1548547   991011       19   60.98%            5      29296
 1587825   991660       19   61.56%            5      29281
 1519101   991624       19   60.50%            5      29289
 1549765   991316       19   60.99%            5      29284
 1584863   991785       18   61.51%            5      29295
 1514098   989045       64   60.49%            5      29306
 1540548   991779       15   60.84%            5      29283
 1589508   990610       15   61.61%            5      29299
 1511501   991292       17   60.39%            5      29281
 1564420   991075       17   61.22%            5      29293
 1590327   992014       17   61.58%            5      29303
 1489056   988701       67   60.10%            5      29304
 1495566   990857       46   60.15%            5      29297
 1485438   990969      138   59.98%            5      29302
 1509382   988628       74   60.42%            6      29310
 1550588   990921       23   61.01%            6      29286
 1573021   991401      127   61.34%            9      29302
 1516698   986616       59   60.59%            9      29304
 1506469   982598       19   60.52%            9      29296
 1555849   990147       19   61.11%            9      29275
 1535410   987304       19   60.86%            9      29301
 1526925   989301       18   60.68%            9      29282
 1541462   991611       19   60.85%            9      29276
 1521338   988084       57   60.63%            9      29300
 1503870   991831       19   60.26%            9      29301
 1531347   987938       18   60.78%            9      29277
 1525758   988628       23   60.68%            9      29275
 1489354   990058       37   60.07%            9      29304
 1477711   989819      100   59.89%            9      29288
 1526027   984725      117   60.78%            9      29307
 1503003   991652       29   60.25%            9      29298
 1527969   990764       21   60.66%            9      29291
 1546551   991273       21   60.94%            9      29299
 1481035   991605       46   59.90%            9      29290
 1523417   991769       31   60.57%            9      29291
 1501093   988589      136   60.29%            9      29295
 1481304   990575       41   59.93%            9      29281
 1505050   990342       23   60.31%            9      29304
 1538807   990501       17   60.84%            9      29291
 1477426   991732       22   59.84%            9      29303
 1515702   991683       37   60.45%            9      29294
 1509763   988368      150   60.44%            9      29283
 1486421   990432       48   60.01%            9      29306
 1529143   990422       26   60.69%            9      29276
 1548840   991793       19   60.96%            9      29305
 1503715   989452       18   60.31%            9      29276
 1521388   988281       20   60.62%            9      29285
 1587876   987721       59   61.65%            9      29283
 1533906   982030       19   60.97%            9      29307
 1521669   991753       44   60.54%            9      29292
 1559722   989595       21   61.18%            9      29289
 1532585   990943       19   60.73%            9      29297
 1520319   990298       57   60.56%            9      29280
 1548787   986112       61   61.10%            9      29289
 1516593   987058      107   60.58%            9      29299
 1512682   991785       19   60.40%            9      29295
 1560019   991752       19   61.13%            9      29305
 1574885   986690       54   61.48%            9      29296
 1497862   989124       35   60.23%            9      29281
 1552849   988420       59   61.11%            9      29301
 1565476   989899       21   61.26%            9      29287
stop
