    HITS   MISSES  DIRTIES HITRATIO   BUFFERS_MB  CACHED_MB
 1491678  1046360       31   58.77%           14       4386
 1319157   990291       20   57.12%           14       8254
 1308349   990703       20   56.91%           14      12124
 1308064   983271       59   57.09%           14      15964
 1310935   990473       19   56.96%           14      19833
 1285946   990641       59   56.49%           17      23700
 1307221   988428      193   56.94%           17      27561
 1352253   987115       63   57.80%           17      29246
 1311355   990499       19   56.97%           17      29228
 1315062   987635       94   57.11%           17      29237
 1315149   990669       21   57.04%            7      29249
 1304486   990668       22   56.84%            7      29240
 1325858   989697       26   57.26%            7      29241
 1333784   985170       33   57.52%            7      29249
 1309741   986977        9   57.03%            7      29264
 1313253   985222       50   57.14%            7      29258
 1350183   986291       14   57.79%            7      29248
 1284028   988673       46   56.50%            7      29237
 1300954   991396       15   56.75%            7      29270
 1280182   991426       70   56.36%            7      29285
 1281604   989086       69   56.44%            7      29269
 1325836   984340       66   57.39%            7      29248
 1306525   990550       18   56.88%            7      29281
 1298444   990169       18   56.73%            7      29286
 1315073   990574       19   57.04%            7      29297
 1325112   990381       18   57.23%            7      29278
 1307570   989477       25   56.92%            7      29295
 1314068   985002       85   57.16%            7      29281
 1290152   980246      100   56.82%            7      29255
 1319520   989837       43   57.14%            7      29298
 1433200   990147       26   59.14%            7      29306
 1472328   990739       19   59.78%            7      29292
 1431378   991185       56   59.09%            7      29294
 1449980   987562      107   59.49%            7      29280
 1475754   989402       48   59.86%            7      29280
 1473258   990084       47   59.81%            7      29282
 1454037   986295       90   59.58%            7      29302
 1429218   988916       69   59.10%            7      29274
 1473688   991266       20   59.79%            7      29322
 1489381   986602       90   60.15%            7      29310
 1482192   991342       28   59.92%            7      29278
 1490890   990461       21   60.08%            7      29290
 1470080   990525       63   59.74%            7      29328
 1487150   989185       32   60.05%            7      29311
 1499311   990653        9   60.21%            7      29296
 1465919   986950       83   59.76%            7      29312
 1480417   991660       15   59.89%            7      29313
 1517626   989966       20   60.52%            7      29309
 1441084   990958       16   59.25%            7      29293
 1471852   985976       17   59.88%            7      29326
 1452614   989977       18   59.47%            7      29314
 1323237   988045       60   57.25%            7      29318
 1265039   990274       17   56.09%            7      29329
 1204589   989749       17   54.90%            7      29329
 1183534   990190       17   54.45%            7      29321
 1177749   990983       18   54.31%            7      29300
 1187221   986053       17   54.63%            7      29321
 1167397   980444       57   54.35%            7      29311
 1099131   989590       19   52.62%            7      29305
 1044724   988278       19   51.39%            7      29325
 1022399   988075       20   50.85%            7      29306
  999552   987527       19   50.30%            7      29294
 1040442   980249       20   51.49%            8      29293
 1021096   982132       59   50.97%            8      29324
 1016206   982701       18   50.84%            8      29321
  995605   989248       20   50.16%            8      29318
  985749   988922       22   49.92%            8      29324
  971845   988057       36   49.59%            8      29321
  988017   988921       20   49.98%            8      29311
  993744   983313       58   50.26%            8      29315
  992514   989464       22   50.08%            8      29296
  991362   989190       22   50.05%            8      29320
  980995   988549       26   49.81%            8      29316
  972270   987358       32   49.62%            8      29298
  995125   988681        9   50.16%            8      29333
 1035558   977163       51   51.45%            8      29323
 1003250   984968       14   50.46%            8      29323
 1007921   977510       19   50.77%            8      29329
 1018449   984214       16   50.85%            8      29319
 1018387   984060       15   50.86%            8      29320
 1011683   982918       17   50.72%            8      29326
  986460   980818       57   50.14%            8      29329
  971225   988343       18   49.56%            8      29309
  991806   985826       18   50.15%            8      29311
 1005719   988415      118   50.43%           10      29308
  970477   987184       39   49.57%            9      29301
  971637   989076       19   49.56%            8      29315
  949328   986398       60   49.04%            8      29327
  964817   986589       18   49.44%            8      29309
  960060   981679       18   49.44%            8      29304
  990123   986558       69   50.09%            8      29315
  983979   984673       25   49.98%            8      29293
  979750   988000       19   49.79%            8      29324
  972101   981549       56   49.76%            8      29324
  990712   985979       20   50.12%            8      29294
  981072   983617       20   49.94%            8      29290
  992395   984458       37   50.20%            8      29319
  986522   988993       21   49.94%            8      29326
  973817   985687       21   49.70%            8      29297
  952371   985551       64   49.14%            8      29327
  960561   987245       20   49.32%            8      29292
  959796   988052       21   49.27%            8      29326
  985563   988912       21   49.92%            8      29308
  945370   986464       32   48.94%            8      29318
  932194   987902       13   48.55%            8      29306
  986026   985542       49   50.01%            8      29323
  975788   987195       15   49.71%            8      29308
  955825   990080       20   49.12%            8      29304
  968624   986707       17   49.54%            8      29317
  963841   984643       18   49.47%            8      29311
  952692   986786       18   49.12%            8      29317
  979563   984618       60   49.87%            8      29325
  940164   985131       17   48.83%            8      29303
  940708   988076       66   48.77%            8      29289
  971010   985795       46   49.62%            8      29327
  973137   984206       18   49.72%            8      29285
 1010995   988534       45   50.56%            8      29319
 1025236   987226       64   50.94%            8      29313
 1007860   988497       19   50.48%            8      29319
  991012   986702       20   50.11%            8      29317
  948671   987493       20   49.00%            8      29308
  996693   989517       20   50.18%            8      29285
 1009535   989961       19   50.49%            8      29324
 1000081   983958       66   50.41%            8      29292
 1013589   987187       38   50.66%            8      29322
 1019499   981350       20   50.95%            8      29296
 1050517   983381       66   51.65%            8      29310
  997890   987557       20   50.26%            8      29312
 1031267   974511       20   51.41%            8      29297
 1012985   980359       62   50.82%            8      29306
  998515   985352       22   50.33%            8      29319
  981250   987204       22   49.85%            8      29313
 1032721   979948       81   51.31%            8      29312
 1005536   983922       38   50.54%            8      29325
 1012511   985537        4   50.68%            8      29320
stop
