    HITS   MISSES  DIRTIES HITRATIO   BUFFERS_MB  CACHED_MB
 1468812  1041627      101   58.51%           15       4340
 1337228   987439       78   57.52%           15       8197
 1288652   990488       18   56.54%           17      12064
 1277937   991266       21   56.32%           17      15936
 1067763   990571       20   51.88%           17      19806
  217679   857161       20   20.25%           17      23154
  465075   366551       61   55.92%           17      24585
  742000   204792       21   78.37%           17      25385
  821607   142228       21   85.24%           17      25940
  768602   106413       21   87.84%           17      26356
  803436    85015       48   90.43%           17      26688
  766725    70879       37   91.54%           17      26965
  692123    64079       62   91.53%           18      27215
  820804    51768       54   94.07%           18      27418
  852412    45734       21   94.91%           18      27597
  861073    40979       20   95.46%           18      27757
  799252    36451       24   95.64%           18      27899
  870410    33558       21   96.29%           18      28030
  720448    30644       62   95.92%           18      28150
  823096    28607       14   96.64%           18      28262
  835184    26014       10   96.98%           18      28363
  897099    24321       15   97.36%           18      28458
  941191    22963       20   97.62%           18      28548
  950843    21414       17   97.80%           18      28632
  932722    20209       55   97.88%           18      28710
  929011    19059       18   97.99%           18      28785
  870174    18101       17   97.96%           18      28856
  794396    17303       18   97.87%           18      28923
  902715    16399       18   98.22%           18      28987
  835844    15510       19   98.18%           18      29048
  892859    14802       60   98.37%           18      29106
  954318    14260       19   98.53%           18      29161
  705205    13655       19   98.10%           18      29214
  965328    13023       19   98.67%           18      29265
  797912    12798       18   98.42%           18      29315
  797363    12055       19   98.51%           18      29362
  765485    11717       59   98.49%           18      29389
  876145    11714       19   98.68%           18      29387
  942706    11849       20   98.76%           18      29406
  784304    11843       20   98.51%           18      29411
  962389    11893       20   98.78%           18      29411
  818866    11984       35   98.56%           18      29411
  908005    11933       62   98.70%           18      29411
  861672    11763       20   98.65%            8      29403
  925340    11560       19   98.77%            8      29422
  739009    12861       21   98.29%            8      29402
  867789    16031       21   98.19%            8      29420
  728078    19290       21   97.42%            8      29420
  749497    22891       61   97.04%            8      29389
  928255    23331       14   97.55%            8      29412
  754592    23312       10   97.00%            8      29406
  786241    22532       15   97.21%            8      29384
  862815    21884       21   97.53%            8      29419
  893581    21438       16   97.66%            8      29409
  773445    20117       63   97.46%            8      29415
  801568    19013       18   97.68%            8      29419
  881287    18295       18   97.97%            8      29425
  865178    18214       17   97.94%            8      29425
  913532    17229       18   98.15%            8      29433
  943958    16710       18   98.26%            8      29430
  848190    16727       59   98.07%            8      29429
  900445    15930       19   98.26%            8      29436
  870531    15425       18   98.26%            8      29399
  981002    14620       18   98.53%            8      29429
  945169    14190       18   98.52%            8      29431
  915190    13980       20   98.50%            8      29435
  850719    14809       60   98.29%            8      29437
  820685    17095       21   97.96%            8      29409
  925375    17968       18   98.10%            7      29445
  801801    18353       20   97.76%            7      29435
  848405    17995       20   97.92%            7      29443
  849171    17891       36   97.94%            7      29446
  747794    17459       62   97.72%            7      29448
  925531    17578       22   98.14%            7      29451
  955587    17276       21   98.22%            7      29453
  843006    17317       21   97.99%            6      29450
  852098    16761       26   98.07%            6      29458
  873340    16698       22   98.12%            6      29452
  842384    16566       65   98.07%            6      29454
  922618    16527       14   98.24%            6      29453
  901845    16064       10   98.25%            6      29452
  837700    15942       15   98.13%            6      29457
  774936    15726       21   98.01%            6      29451
  870044    16330       16   98.16%            6      29458
  874067    17218       56   98.07%            6      29454
  843459    18102       18   97.90%            6      29454
  755685    18447       17   97.62%            6      29459
  862153    18518       18   97.90%            6      29450
  825076    18602       18   97.80%            6      29457
  736456    18882       19   97.50%            6      29462
  789144    18461       60   97.71%            6      29464
  759462    18298       20   97.65%            6      29462
 1030447    18270       19   98.26%            6      29460
  895838    17896       18   98.04%            6      29460
  799941    18016       19   97.80%            6      29462
  874014    17549       20   98.03%            6      29466
  889409    17352       56   98.09%            6      29462
  941211    17713       21   98.15%            5      29460
  884268    17949       18   98.01%            5      29469
  839395    18230       20   97.87%            5      29464
  861530    18360       20   97.91%            5      29467
  815713    20200       84   97.58%            6      29461
  842454    20285       69   97.65%            6      29470
  824284    19714       21   97.66%            5      29471
  859755    19390       21   97.79%            5      29474
  822570    19464       21   97.69%            5      29470
  838736    19354       22   97.74%            5      29476
  813379    19210       22   97.69%            4      29471
  837633    19183       59   97.76%            4      29462
  873387    19033       14   97.87%            4      29465
  986415    18854       10   98.12%            4      29470
  905767    18554       15   97.99%            4      29468
  853591    18727       21   97.85%            4      29475
  846526    19252       17   97.78%            4      29476
  788673    19453       61   97.59%            4      29479
  849254    19603       18   97.74%            4      29473
  873364    19603       18   97.80%            4      29474
  854092    19892       18   97.72%            4      29475
  814454    20063       17   97.60%            4      29473
  709120    26514      111   96.40%            7      29468
  863065    20788       80   97.65%            7      29478
  801940    20472       20   97.51%            7      29466
  844953    20334       19   97.65%            7      29480
  798734    20541       19   97.49%            7      29478
  761167    20116       19   97.43%            7      29482
  973042    19976       20   97.99%            7      29480
  926984    20200       61   97.87%            7      29485
  864713    20335       21   97.70%            7      29478
  908937    20522       18   97.79%            6      29485
  938809    20143       20   97.90%            6      29481
  864113    20671       21   97.66%            6      29475
 1027075    20337       40   98.06%            6      29482
  801535    20605       60   97.49%            6      29483
  828727    20754       21   97.56%            6      29481
  854655    20671       21   97.64%            6      29481
stop
