    HITS   MISSES  DIRTIES HITRATIO   BUFFERS_MB  CACHED_MB
 1763194  1042599       33   62.84%           13       4352
 1630800   990587       17   62.21%           13       8223
 1632721   990419       17   62.24%           13      12090
 1621016   986814       59   62.16%           14      15945
 1613799   989604       18   61.99%           14      19810
 1584414   990136       19   61.54%           14      23678
 1548691   990445       19   60.99%           14      27548
 1481486   989709       19   59.95%           14      29431
 1461295   990429       19   59.60%           14      29454
 1470184   986739       62   59.84%            4      29464
 1470931   988753       25   59.80%            5      29479
 1459768   985441       36   59.70%            5      29463
 1459879   986205       17   59.68%            5      29482
 1451827   985556       46   59.56%            5      29493
 1465290   987453       26   59.74%            5      29501
 1453986   985258       73   59.61%            5      29485
 1453902   989606       22   59.50%            5      29492
 1448601   988790       86   59.43%            5      29501
 1457674   988141       47   59.60%            5      29505
 1428629   989173       21   59.09%            5      29507
 1419663   986948       52   58.99%            5      29495
 1354960   984449       74   57.92%            5      29514
 1275125   988544       23   56.33%            5      29503
 1201206   989130       13   54.84%            5      29495
 1143165   988854       10   53.62%            5      29502
 1080152   988382       14   52.22%            5      29503
  984976   987270       19   49.94%            5      29513
 1000413   983340       55   50.43%            5      29511
  963237   987474       19   49.38%            5      29517
  930331   984641       18   48.58%            5      29513
  940162   986278       18   48.80%            5      29513
  974633   986005       18   49.71%            5      29514
  959594   984972       19   49.35%            5      29520
  959549   981979       64   49.42%            5      29503
  949370   987905       22   49.01%            5      29529
  923452   987974       18   48.31%            4      29527
  931791   989270       44   48.50%            4      29521
  878862   988521       67   47.06%            4      29538
  916081   988473       47   48.10%            4      29535
  906316   985396      123   47.91%            4      29520
  889662   988741        9   47.36%            3      29541
  870108   986868       67   46.86%            3      29486
  887538   985933       86   47.37%            3      29504
  881066   988720       51   47.12%            3      29543
  891769   986341       92   47.48%            3      29544
  932933   984777       79   48.65%            3      29516
  883198   988507       11   47.19%            3      29514
  881425   987289       57   47.17%            3      29534
  879515   989107       20   47.07%            3      29530
  871571   987762       85   46.88%            3      29525
  895841   988425       45   47.54%            3      29551
  892545   983179       77   47.58%            3      29536
  877027   987288       49   47.04%            3      29530
  912548   989731       13   47.97%            3      29525
  887488   988675       54   47.30%            3      29534
  932026   985540       25   48.60%            3      29531
  877047   987983       17   47.03%            3      29530
  903233   983002      105   47.89%            3      29536
  878539   987127      132   47.09%            3      29543
  872501   987793       44   46.90%            2      29500
  906736   989076       18   47.83%            2      29536
  901983   986932       91   47.75%            2      29489
  916678   988244       18   48.12%            2      29526
  896866   985331      142   47.65%            2      29534
  897930   988900        7   47.59%            2      29550
  919166   987114       75   48.22%            2      29532
  906540   988255       64   47.84%            2      29547
  908020   987802       60   47.90%            2      29536
  885001   986876       20   47.28%            2      29543
  893691   987107       69   47.52%            2      29509
  917641   986940       47   48.18%            2      29528
  905933   987317       92   47.85%            2      29523
  890338   989072       21   47.37%            2      29513
  883130   988076       31   47.20%            2      29540
  902740   984402      204   47.84%            2      29538
  913772   985235      114   48.12%            3      29548
  913260   989087       11   48.01%            3      29523
  930113   985773       51   48.55%            3      29550
  904391   988523       29   47.78%            3      29537
  890356   988893       21   47.38%            3      29545
  881248   988424       21   47.13%            3      29556
  908078   983219       76   48.01%            3      29517
  909634   988680       11   47.92%            3      29533
  930529   988774       13   48.48%            3      29538
  915611   988410       16   48.09%            3      29536
  903836   987736       16   47.78%            3      29513
  917157   975201       16   48.47%            3      29547
  907694   982510       17   48.02%            3      29536
  907737   985404       56   47.95%            3      29508
  924653   988729       17   48.33%            3      29507
  927591   988994       17   48.40%            3      29552
  904754   988453       51   47.79%            3      29549
  878965   987833        7   47.08%            3      29504
  881903   987032       72   47.19%            3      29525
  912872   981973      115   48.18%            3      29537
  892151   988848       26   47.43%            3      29523
  857612   988907       22   46.44%            3      29519
  901570   988256       80   47.71%            3      29536
  903597   989029       38   47.74%            3      29502
  905992   988225       47   47.83%            3      29516
  905447   986371       68   47.86%            3      29545
  921559   988769       17   48.24%            3      29535
  895932   987963       18   47.56%            3      29494
  915758   989318       20   48.07%            3      29545
  925622   988997       20   48.34%            3      29518
  929254   987087       37   48.49%            3      29534
  903171   984288       64   47.85%            3      29529
  935526   988704       23   48.62%            3      29517
  938042   988987       22   48.68%            3      29497
  906076   988319       22   47.83%            3      29500
  904275   989200       27   47.76%            3      29539
  889112   988403       43   47.36%            3      29538
  915100   985521      148   48.15%            3      29507
  913910   986583       43   48.09%            3      29546
  919845   988767       15   48.19%            3      29543
  918260   987157       15   48.19%            3      29540
  893708   988391       17   47.48%            3      29498
  917421   987511       43   48.16%            3      29537
  898416   985025      124   47.70%            3      29530
  927676   985579       46   48.49%            3      29508
  913016   987701       60   48.04%            3      29531
  913702   987359       18   48.06%            3      29489
  921342   989364       19   48.22%            3      29539
  932185   985754       19   48.60%            3      29500
  924887   986722       60   48.38%            3      29500
  890398   989629       19   47.36%            3      29537
  906970   989463       19   47.83%            3      29529
  950255   986850       20   49.06%            3      29546
  925463   988098       20   48.36%            3      29502
  925445   988090       18   48.36%            3      29549
  930599   985468       62   48.57%            3      29515
  924972   988278       18   48.35%            3      29517
  934669   983920       19   48.72%            3      29536
  901819   988467       21   47.71%            3      29537
  918611   988021       21   48.18%            3      29506
stop
