    HITS   MISSES  DIRTIES HITRATIO   BUFFERS_MB  CACHED_MB
 1771993  1043120       20   62.95%           14       4396
 1658636   989737       21   62.63%           14       8262
 1649683   989693       17   62.50%           14      12128
 1640495   991005       17   62.34%           14      15999
 1623173   990467       69   62.10%           15      19866
 1600345   986876       56   61.86%           15      23723
 1554906   990360       19   61.09%           15      27591
 1551445   989769       47   61.05%            6      29324
 1527301   988450       52   60.71%            6      29335
 1526265   990393       18   60.65%            6      29325
 1517685   989940      102   60.52%            6      29314
 1555446   986465       97   61.19%            6      29310
 1522352   989672       19   60.60%            6      29320
 1554295   989433       19   61.10%            6      29330
 1558194   990067       19   61.15%            6      29296
 1524950   988213       43   60.68%            6      29341
 1501849   990943       73   60.25%            6      29343
 1553731   987130       90   61.15%            6      29314
 1531657   988872       49   60.77%            6      29327
 1547702   990018       27   60.99%            6      29331
 1545716   989548       58   60.97%            6      29317
 1536444   990623       41   60.80%            6      29302
 1517649   990296       75   60.51%            6      29342
 1551596   986927      129   61.12%            7      29312
 1532622   990264       22   60.75%            7      29331
 1501859   989058       21   60.29%            7      29324
 1548958   989617       23   61.02%            7      29306
 1548365   987463       21   61.06%            7      29306
 1539343   989116       29   60.88%            7      29320
 1553333   987085       55   61.14%            7      29326
 1626315   989130       48   62.18%            7      29339
 1611738   990600       25   61.93%            7      29331
 1625048   989679       75   62.15%            7      29340
 1606026   989800       50   61.87%            7      29301
 1576034   989346       75   61.43%            7      29321
 1646256   986677       75   62.53%            7      29342
 1638027   989268       58   62.35%            7      29320
 1597725   990610       44   61.73%            7      29331
 1601122   990464       18   61.78%            7      29318
 1610175   989525      107   61.94%            7      29305
 1619032   988537       58   62.09%            7      29338
 1643115   987212       59   62.47%            7      29317
 1623417   990542       18   62.11%            7      29301
 1624831   990269       18   62.13%            7      29306
 1642466   989536       18   62.40%            7      29336
 1636024   990092       22   62.30%            7      29319
 1625119   989621       18   62.15%            7      29299
 1636799   988032       60   62.36%            7      29316
 1633139   989584       19   62.27%            7      29304
 1620769   990584       18   62.07%            7      29324
 1628033   989200       35   62.20%            7      29324
 1622393   990539       18   62.09%            7      29307
 1623892   990520       18   62.11%            7      29343
 1633887   987704       57   62.32%            7      29330
 1642935   988552       21   62.43%            7      29343
 1615781   988499      113   62.04%            9      29331
 1614580   988768       60   62.02%            9      29330
 1598624   990358       21   61.75%            9      29342
 1596284   989546        9   61.73%            9      29340
 1602230   986527       81   61.89%            9      29312
 1577017   990784       82   61.42%           10      29319
 1610686   989500       71   61.95%           10      29320
 1620683   988769       56   62.11%           10      29319
 1634040   989730       17   62.28%           10      29307
 1623199   990506       24   62.10%           10      29312
 1594489   989615       76   61.70%           10      29321
 1634113   989020       18   62.30%           10      29321
 1621814   990694       17   62.08%           10      29313
 1604552   988970       55   61.87%           10      29341
 1603176   988285      104   61.86%           10      29311
 1628853   989506       18   62.21%           10      29340
 1607506   986928       61   61.96%           10      29304
 1631275   988652       58   62.26%           10      29301
 1637561   990223       18   62.32%           10      29335
 1583780   990838      100   61.52%           11      29298
 1596547   990300       19   61.72%           11      29303
 1569230   991053       62   61.29%           11      29296
 1599694   986650      127   61.85%           11      29308
 1586927   990408       18   61.57%           11      29325
 1602820   990358       17   61.81%           11      29326
 1590377   989127       59   61.65%           11      29304
 1577599   990221       74   61.44%           11      29301
 1610786   989801       50   61.94%           11      29319
 1599100   987428       95   61.82%           11      29334
 1588811   990451       22   61.60%           11      29311
 1612282   988674       23   61.99%           11      29309
 1588122   990467       44   61.59%           11      29321
 1590206   990370       18   61.62%           11      29305
 1638410   989762        9   62.34%           11      29308
 1614329   986419       89   62.07%           11      29326
 1616056   990563       21   62.00%           11      29332
 1634026   990465       17   62.26%           11      29323
 1617732   990671       17   62.02%           11      29315
 1605680   990220       17   61.85%           11      29312
 1634503   990412       18   62.27%           11      29311
 1620913   988262       61   62.12%           11      29308
 1614176   989863       19   61.99%           11      29297
 1622985   990262       18   62.11%           11      29308
 1630252   988011       17   62.26%           11      29311
 1599310   988135       18   61.81%           11      29330
 1597364   989940      108   61.74%           11      29318
 1632521   986240       57   62.34%           11      29328
 1600851   990829       19   61.77%           11      29317
 1614398   987575       60   62.05%           11      29307
 1608886   989913       19   61.91%           11      29318
 1605010   990896       45   61.83%           11      29340
 1586794   990447       77   61.57%           11      29301
 1638124   987854       88   62.38%           11      29296
 1620167   989473       60   62.08%           11      29304
 1610563   990658       18   61.92%           11      29327
 1639617   988649       37   62.38%           11      29296
 1639440   990679       17   62.33%           11      29302
 1651608   990205       17   62.52%           11      29307
 1662351   987988       57   62.72%           12      29310
 1638439   990637       19   62.32%           12      29294
 1629900   990560       21   62.20%           12      29322
 1664564   990423       21   62.70%           12      29333
 1634796   990544       18   62.27%           12      29312
 1640895   990418        9   62.36%           12      29302
 1651352   986752       57   62.60%           12      29307
 1617541   990330       20   62.03%           12      29298
 1629178   990661       16   62.19%           12      29304
 1649370   989822       16   62.50%           12      29329
 1636784   989545       16   62.32%           12      29308
 1592029   990344       48   61.65%           12      29335
 1586526   987394      180   61.64%           12      29329
 1617541   989335       18   62.05%           12      29315
 1618746   987564       48   62.11%           12      29302
 1612577   990839      143   61.94%           12      29307
 1605536   989327       21   61.87%           12      29315
 1592968   990400       19   61.66%           12      29299
 1607688   987645       85   61.95%           12      29315
 1626639   990432       19   62.15%           12      29320
 1602457   990501       18   61.80%           12      29333
 1607252   989269       49   61.90%           12      29305
stop
