    HITS   MISSES  DIRTIES HITRATIO   BUFFERS_MB  CACHED_MB
 1705220  1045786       32   61.99%           14       4379
 1456608   992035       18   59.49%           14       8253
 1440251   989158       18   59.28%           14      12117
 1441069   991686       18   59.24%           14      15992
 1380410   987904      108   58.29%           14      19850
 1366882   991416        8   57.96%           14      23723
 1345405   988925       18   57.64%           14      27586
 1268231   987464       54   56.22%            4      29311
 1247184   990708       18   55.73%            4      29317
 1290445   989572       93   56.60%            4      29326
 1279888   988858       67   56.41%            5      29324
 1279263   990844        8   56.35%            5      29332
 1279510   989180      145   56.40%            5      29332
 1279832   991501       20   56.35%            5      29342
 1278397   991603       18   56.32%            5      29331
 1298405   989226       70   56.76%            5      29330
 1287990   988612       67   56.58%            5      29300
 1270938   989242        8   56.23%            5      29308
 1296426   991019       17   56.68%            5      29323
 1271862   991537       32   56.19%            5      29304
 1274679   989920       48   56.29%            5      29300
 1287495   991570       20   56.49%            5      29310
 1295340   987727      106   56.74%            5      29304
 1264566   991701        6   56.05%            5      29337
 1251781   991264       10   55.81%            5      29302
 1257261   989232       79   55.97%            5      29332
 1263467   990539       63   56.05%            5      29308
 1257971   984662        5   56.09%            5      29320
 1279794   967073      211   56.96%            6      29297
 1419911   990813        9   58.90%            6      29332
 1435489   989884       17   59.19%            6      29307
 1455892   989291       41   59.54%            6      29315
 1397579   991409       40   58.50%            6      29317
 1429582   990177      112   59.08%            6      29321
 1419684   982777      160   59.09%            6      29326
 1401908   986276       34   58.70%            6      29337
 1422240   988779       27   58.99%            6      29336
 1425867   989862       19   59.02%            7      29339
 1427483   985656       24   59.15%            7      29310
 1422900   987590       99   59.03%            9      29309
 1456688   975101       73   59.90%            9      29306
 1416347   986568       43   58.94%            9      29310
 1417594   981951       44   59.08%            9      29333
 1381503   987047      161   58.33%            9      29290
 1409050   989092       78   58.76%           10      29311
 1402409   990224       34   58.61%           10      29322
 1405084   988775       69   58.70%           10      29313
 1424251   990958        8   58.97%           10      29300
 1410822   990727       58   58.75%           10      29329
 1414555   989188       21   58.85%           10      29293
 1397281   989103      189   58.55%           10      29335
 1422500   980242       55   59.20%           10      29302
 1408570   987546       68   58.79%           10      29311
 1417750   991294        5   58.85%           10      29305
 1402162   991404       14   58.58%           10      29315
 1400302   985513       34   58.69%           10      29313
 1405729   990168       99   58.67%           10      29290
 1401952   989480       42   58.62%           10      29313
 1411618   987507       78   58.84%           10      29329
 1448053   992159        6   59.34%           10      29319
 1406250   991071       20   58.66%           10      29327
 1414840   990236       38   58.83%           10      29324
 1468379   990175       17   59.73%           10      29336
 1403643   989099       53   58.66%           10      29329
 1422164   988106       95   59.00%           10      29304
 1389780   990712      134   58.38%           10      29310
 1402143   989809      142   58.62%           10      29335
 1410813   986865       34   58.84%           10      29333
 1431106   991539       19   59.07%           10      29314
 1408505   990800       28   58.70%           10      29313
 1413572   987216       70   58.88%           10      29314
 1404936   989798        8   58.67%           10      29317
 1415183   991556       20   58.80%           10      29319
 1401955   989169       20   58.63%           10      29327
 1434506   991129       18   59.14%           10      29336
 1424411   989916       42   59.00%           10      29323
 1387736   987361       85   58.43%           10      29332
 1361152   990721       68   57.88%           10      29309
 1419454   990968       47   58.89%           10      29288
 1409830   989231       54   58.77%           11      29310
 1418108   990560       21   58.88%           11      29339
 1443181   990574       21   59.30%           11      29315
 1405173   987165       95   58.74%           11      29316
 1402317   991103        5   58.59%           11      29295
 1449661   988880       10   59.45%           11      29294
 1403181   989146       53   58.65%           11      29316
 1362150   991471       19   57.87%           11      29318
 1401768   981924       80   58.81%           11      29313
 1400193   988545       95   58.62%           11      29289
 1392303   992169        6   58.39%           11      29331
 1414298   990359       44   58.81%           11      29314
 1393126   989411       27   58.47%           11      29316
 1366875   987286       44   58.06%           11      29302
 1454894   988095      194   59.55%           11      29324
 1389550   984326       89   58.54%           11      29305
 1402715   986690       43   58.71%           11      29327
 1434461   989955       18   59.17%           11      29299
 1379556   990989       23   58.20%           11      29301
 1404617   985834       40   58.76%           11      29316
 1386465   991169       93   58.31%           11      29318
 1397334   989534       99   58.54%           11      29319
 1401761   990363        8   58.60%           11      29331
 1386736   990733       20   58.33%           11      29331
 1418774   988694       20   58.93%           11      29330
 1390677   991423       18   58.38%           11      29310
 1422584   988667       37   59.00%           12      29337
 1437008   987036       69   59.28%           12      29293
 1375823   991490       40   58.12%           12      29325
 1398358   990182       17   58.54%           12      29330
 1374678   988761       73   58.16%           12      29328
 1398448   981177      111   58.77%           12      29297
 1402868   988710       19   58.66%           12      29296
 1389997   988185      156   58.45%           12      29314
 1371003   989078       67   58.09%           12      29315
 1391698   987680       77   58.49%           12      29302
 1425385   991153       36   58.98%           12      29331
 1391360   986440       54   58.51%           12      29314
 1383076   991459       15   58.25%           12      29317
 1415887   987723       70   58.91%           12      29304
 1383618   989529        6   58.30%           12      29292
 1380892   990484       15   58.23%           12      29315
 1435531   990874       16   59.16%           12      29320
 1369914   988811       17   58.08%           12      29318
 1384580   990989       19   58.28%           12      29312
 1463487   985722       64   59.75%           12      29298
 1401021   986557       13   58.68%           12      29318
 1430110   989001       41   59.12%           12      29307
 1419820   991601       18   58.88%           12      29328
 1408541   989991       49   58.73%           12      29303
 1384127   991106       47   58.27%           12      29310
 1424109   988487       66   59.03%           12      29330
 1414009   990848        8   58.80%           12      29300
 1400271   988714       95   58.61%           12      29321
 1410810   989070      104   58.79%           12      29293
 1429443   990507       46   59.07%           12      29320
stop
