    HITS   MISSES  DIRTIES HITRATIO   BUFFERS_MB  CACHED_MB
 1832891  1084495       20   62.83%           14       4574
 1644490   990129       16   62.42%           14       8442
 1637791   990496       18   62.31%           14      12311
 1633608   990525       18   62.25%           14      16180
 1602043   987895       58   61.86%           14      20039
 1579476   990524       18   61.46%           14      23909
 1576416   990209       18   61.42%           14      27776
 1543680   989023       42   60.95%            4      29333
 1504958   990746       19   60.30%            4      29311
 1521179   989958      105   60.58%            4      29350
 1535399   987043       90   60.87%            4      29342
 1545581   990012       29   60.96%            4      29330
 1546441   990349       19   60.96%            4      29343
 1530684   987977       19   60.77%            4      29309
 1540107   988916       19   60.90%            4      29309
 1548208   990124       20   60.99%            4      29349
 1534730   987646       57   60.84%            4      29305
 1517273   990300       18   60.51%            4      29318
 1550014   989091       34   61.05%            4      29303
 1547886   990426       17   60.98%            4      29338
 1519637   990776       17   60.53%            4      29324
 1537374   990615       17   60.81%            4      29329
 1542082   987703       61   60.96%            4      29309
 1530260   990293       21   60.71%            4      29342
 1545646   988838       23   60.98%            4      29327
 1567492   990534       18   61.28%            4      29311
 1527234   990184        9   60.67%            4      29322
 1563038   989715       15   61.23%            4      29324
 1564737   988167       53   61.29%            4      29321
 1536063   989688       20   60.82%            4      29331
 1610226   990592       16   61.91%            4      29317
 1681837   989226       21   62.97%            4      29334
 1624022   989579       35   62.14%            4      29317
 1649771   990445       17   62.49%            4      29329
 1670946   987950       60   62.84%            5      29327
 1619769   988527       58   62.10%            5      29317
 1649519   990153       18   62.49%            5      29334
 1618248   990385       77   62.03%            5      29339
 1633893   988454       51   62.31%            5      29337
 1650120   990417       19   62.49%            5      29306
 1652561   986787       85   62.61%            5      29326
 1648683   988176       28   62.52%            5      29322
 1650825   989178       18   62.53%            5      29305
 1621480   990545       22   62.08%            5      29335
 1621292   990362       18   62.08%            5      29298
 1636639   989422       18   62.32%            5      29327
 1657610   987902       64   62.66%            5      29322
 1639762   990469       18   62.34%            5      29336
 1632756   989208       35   62.27%            5      29307
 1653675   990446       18   62.54%            5      29326
 1666956   990583       18   62.73%            5      29304
 1642731   990515       18   62.38%            5      29339
 1661136   987865       55   62.71%            5      29327
 1664311   990534       20   62.69%            5      29346
 1634742   989853       20   62.29%            5      29320
 1647130   990879      111   62.44%            8      29332
 1651282   989447       49   62.53%            8      29333
 1616030   989741       16   62.02%            8      29343
 1626269   987404       62   62.22%            8      29329
 1633210   990278       36   62.25%            9      29318
 1627405   989041       18   62.20%            9      29296
 1599830   990009       17   61.77%            9      29322
 1640841   990495       18   62.36%            9      29328
 1614290   990686       18   61.97%            9      29305
 1617514   985999       59   62.13%            9      29329
 1645336   990638       17   62.42%            9      29313
 1598841   989964       40   61.76%            9      29296
 1607470   990731       17   61.87%            9      29317
 1576878   990182      107   61.43%           10      29327
 1603769   989687       47   61.84%           10      29337
 1610892   986911       70   62.01%           10      29341
 1644282   990130       19   62.42%           10      29318
 1598878   990367       19   61.75%           10      29309
 1619345   989810       19   62.06%           10      29297
 1641712   990290       19   62.38%           10      29302
 1629102   985684       18   62.30%           10      29318
 1609417   987458       56   61.98%           10      29318
 1621471   990091       17   62.09%           10      29322
 1625329   989426       35   62.16%           10      29330
 1605823   990307       18   61.85%           10      29313
 1630048   990508       18   62.20%           10      29333
 1601231   988260       43   61.84%           10      29313
 1608340   987832       62   61.95%           10      29295
 1601222   990665       21   61.78%           10      29302
 1590171   987464      137   61.69%           10      29325
 1600813   989295       29   61.80%           10      29333
 1602268   989956        9   61.81%           10      29329
 1641140   990321      106   62.37%           10      29313
 1628505   988306       99   62.23%           10      29337
 1613074   990282       19   61.96%           10      29314
 1646760   990517       17   62.44%           10      29312
 1606631   989362       17   61.89%           10      29293
 1622520   989716       17   62.11%           10      29316
 1650980   990305       18   62.51%           10      29300
 1602508   987619       88   61.87%           10      29316
 1587118   990739       17   61.57%           10      29315
 1615727   989659      103   62.01%           10      29291
 1614611   990116       46   61.99%           10      29329
 1621938   989609       29   62.11%           10      29331
 1636564   990329       19   62.30%           10      29315
 1601090   987560       61   61.85%           10      29337
 1617430   989354       19   62.05%           10      29331
 1638292   989619       19   62.34%           10      29334
 1628738   990178       23   62.19%           10      29316
 1606517   989449       19   61.89%           10      29318
 1624254   989659       20   62.14%           10      29298
 1623202   988315       58   62.16%           10      29317
 1623845   989700       18   62.13%           10      29320
 1629611   988324       37   62.25%           10      29295
 1624294   990519       17   62.12%           10      29301
 1596518   990515       17   61.71%           10      29313
 1625806   989373       17   62.17%           10      29322
 1635863   988018       58   62.35%           10      29319
 1601959   989603       21   61.81%           10      29298
 1617429   990607       21   62.02%           10      29326
 1628818   990399       18   62.19%           10      29338
 1595341   987377       36   61.77%           10      29309
 1619464   988004       17   62.11%           10      29306
 1609076   988152       63   61.95%           11      29303
 1615943   989613       44   62.02%           11      29312
 1612178   988282       26   62.00%           11      29308
 1635428   990685       16   62.28%           11      29322
 1573743   989797       91   61.39%           11      29332
 1612732   990010       17   61.96%           11      29307
 1636046   988805       58   62.33%           11      29327
 1611001   990053       57   61.94%           11      29310
 1619541   990750      137   62.04%           11      29310
 1620172   988872       20   62.10%           12      29327
 1587302   988713       19   61.62%           12      29305
 1598564   990359       19   61.75%           12      29310
 1589497   988442       59   61.66%           12      29292
 1586008   990629       18   61.55%           12      29302
 1603859   990285       18   61.83%           12      29318
 1624997   990044       18   62.14%           12      29323
 1596670   990698       18   61.71%           12      29307
stop
