    HITS   MISSES  DIRTIES HITRATIO   BUFFERS_MB  CACHED_MB
 1765092  1084865       57   61.93%           14       4527
 1487144   991885       20   59.99%           14       8401
 1469264   989097       60   59.77%           14      12264
 1472377   991464       22   59.76%           14      16138
 1462966   991859       20   59.60%           15      20012
 1413284   991660        9   58.77%           15      23885
 1414013   991406       15   58.78%           15      27759
 1399151   991317       21   58.53%           14      29320
 1389849   988671       56   58.43%           14      29330
 1411598   991540       16   58.74%           15      29336
 1409008   990507       18   58.72%            4      29335
 1386248   991735       18   58.30%            4      29350
 1405638   990237       18   58.67%            4      29351
 1399617   986374       17   58.66%            4      29338
 1396161   985868       55   58.61%            5      29322
 1400968   988843       19   58.62%            5      29334
 1402858   988148       18   58.67%            5      29333
 1392372   988375       18   58.48%            5      29342
 1397222   988416       19   58.57%            5      29382
 1404230   990116       19   58.65%            5      29350
 1386161   988224       59   58.38%            5      29386
 1404445   989857       20   58.66%            5      29359
 1410360   990741       18   58.74%            5      29390
 1385827   988091       18   58.38%            5      29392
 1398060   990165       18   58.54%            5      29375
 1408156   990237       18   58.71%            5      29392
 1374724   988568       61   58.17%            5      29394
 1380381   989972       38   58.24%            5      29376
 1404416   989881       23   58.66%            5      29397
 1477549   990412       21   59.87%            5      29349
 1554577   990561       21   61.08%            5      29382
 1590882   991420       21   61.61%            5      29388
 1541954   988419       62   60.94%            5      29358
 1509502   989490       22   60.40%            5      29368
 1558131   991184       19   61.12%            5      29394
 1532548   991294       34   60.72%            5      29374
 1529713   989452       15   60.72%            5      29403
 1568002   991112       21   61.27%            5      29366
 1550628   988021       77   61.08%            5      29394
 1516294   991402       51   60.47%            6      29354
 1569766   991116       21   61.30%            6      29361
 1549160   991680       18   60.97%            6      29370
 1539341   991046       18   60.83%            6      29393
 1549839   990660       18   61.01%            6      29389
 1506919   980490      148   60.58%            6      29363
 1525519   991399       19   60.61%            6      29404
 1543333   989760       19   60.93%            6      29403
 1577231   990628       41   61.42%            6      29400
 1537603   990792       33   60.81%            6      29405
 1538774   991126       19   60.82%            6      29391
 1574164   989514       55   61.40%            5      29395
 1540859   989651       82   60.89%            8      29405
 1543960   990932       20   60.91%            8      29349
 1568925   991183       18   61.28%            8      29352
 1532093   988880       18   60.77%            7      29405
 1546956   991414       18   60.94%            7      29402
 1565913   989791       60   61.27%            7      29377
 1536789   990506       38   60.81%            7      29379
 1541163   990617       21   60.87%            7      29400
 1560394   991516       21   61.15%            7      29400
 1521182   990183       45   60.57%            7      29387
 1540918   991970       21   60.84%            7      29381
 1560345   988788       60   61.21%            7      29376
 1555589   989203       45   61.13%            7      29368
 1521352   985033       28   60.70%            7      29358
 1536685   990766       14   60.80%            7      29396
 1550094   988606       35   61.06%            7      29390
 1521267   991489       20   60.54%            7      29392
 1469585   982354      225   59.94%            7      29359
 1543958   991518       44   60.89%            7      29402
 1539182   991375       18   60.82%            7      29386
 1546053   990505      114   60.95%            8      29367
 1561771   991304       27   61.17%            8      29387
 1525624   991482       18   60.61%            7      29406
 1530574   989169       57   60.74%            7      29396
 1558209   991361       19   61.12%            7      29387
 1531852   990717       18   60.73%            7      29385
 1524359   990889       19   60.60%            7      29373
 1561376   991243       19   61.17%            7      29389
 1508661   991549       59   60.34%            7      29400
 1508728   989207       61   60.40%            7      29392
 1511565   989475      112   60.44%            7      29368
 1519624   989598       49   60.56%            7      29391
 1501621   991253       18   60.24%            7      29363
 1530185   990295       99   60.71%            7      29396
 1521691   990895       18   60.56%            7      29401
 1519141   989461       55   60.56%            7      29387
 1550469   987521       73   61.09%            7      29358
 1533642   991357       21   60.74%            7      29406
 1529120   991505       21   60.66%            7      29393
 1546296   991699       21   60.93%            7      29390
 1528701   991278       21   60.66%            7      29394
 1525533   989486       61   60.66%            7      29384
 1545029   991720       22   60.91%            7      29374
 1551531   991084       20   61.02%            7      29407
 1526970   988816       13   60.70%            7      29413
 1542488   989927       15   60.91%            7      29372
 1552895   991769       16   61.03%            7      29389
 1520418   989068       55   60.59%            7      29357
 1542541   991603       16   60.87%            7      29382
 1557473   988852       18   61.17%            7      29387
 1512456   991085       18   60.41%            6      29385
 1542014   990233       18   60.90%            6      29405
 1545903   990188       18   60.96%            6      29407
 1538810   989526       60   60.86%            7      29391
 1543050   990517      139   60.90%            8      29404
 1558136   991687       19   61.11%            7      29394
 1516642   990267       19   60.50%            7      29395
 1530827   991203       19   60.70%            7      29410
 1567904   990825       19   61.28%            7      29376
 1518796   988725       58   60.57%            7      29369
 1535517   988537       19   60.84%            7      29400
 1564851   991276       20   61.22%            7      29389
 1500324   990556       18   60.23%            7      29374
 1538137   991074       18   60.81%            7      29392
 1558072   991658       18   61.11%            7      29394
 1511345   988926       59   60.45%            7      29375
 1539809   989637       35   60.88%            7      29407
 1558402   992372       21   61.10%            7      29389
 1533942   989746       20   60.78%            7      29358
 1513521   990925       21   60.43%            7      29391
 1546935   991400       21   60.94%            7      29384
 1542541   986961       59   60.98%            7      29362
 1509408   991132       31   60.36%            7      29396
 1550954   987338        9   61.10%            7      29390
 1525401   990923        9   60.62%            7      29358
 1506234   990559       15   60.33%            7      29379
 1529480   991695       21   60.67%            7      29402
 1543304   988141       60   60.97%            7      29403
 1475930   987693       42   59.91%            7      29412
 1485809   989606       98   60.02%            7      29359
 1545579   990877       20   60.93%            7      29411
 1488195   990233       50   60.05%            7      29388
 1527877   990469       18   60.67%            6      29365
 1564207   988336       57   61.28%            6      29397
stop
