    HITS   MISSES  DIRTIES HITRATIO   BUFFERS_MB  CACHED_MB
 1760823  1043696       43   62.79%           13       4378
 1644198   990556       40   62.40%           14       8248
 1582450   990123       59   61.51%           14      12113
 1502768   990485       18   60.27%           14      15984
 1325083   989078       61   57.26%           14      19847
  435963   868142       17   33.43%           14      23238
  394786   371665       17   51.51%           14      24690
  539619   205171       42   72.45%           14      25491
  682023   139779       35   82.99%           14      26037
  670230   105676       94   86.38%           14      26449
  853938    84067       93   91.04%           14      26778
  733521    70216       52   91.26%           14      27052
  777775    59883       21   92.85%           14      27286
  728594    51306       49   93.42%           14      27487
  622912    45043       37   93.26%           14      27663
  753225    40487      109   94.90%           15      27821
  812899    36655      155   95.69%           15      27965
  747422    33347       45   95.73%           15      28094
  712700    30769       30   95.86%           15      28214
  669417    28395       16   95.93%           15      28324
  760593    26084       21   96.68%           15      28426
  768161    24297       17   96.93%           15      28521
  902870    22863       55   97.53%           15      28610
  792991    21414       18   97.37%           15      28693
  816785    20140       18   97.59%           15      28772
  712394    19070       17   97.39%           15      28847
  733574    17799       20   97.63%           15      28916
  742824    17031       18   97.76%           15      28983
  737622    16475       54   97.82%           15      29047
  701683    15368       44   97.86%           15      29107
  657666    14939       69   97.78%           15      29165
  858152    14082       43   98.39%           15      29221
  719783    13510       84   98.16%           15      29273
  787899    12927       19   98.39%           15      29324
  760693    12679      128   98.36%           15      29373
  794432    11928       46   98.52%           15      29420
  811658    11662       29   98.58%           15      29465
  779766    11257       20   98.58%           15      29509
  775796    10885       62   98.62%           15      29552
  688576    27793       17   96.12%            5      29570
  703045    99556      144   87.60%            5      29553
  766712   176256       46   81.31%            5      29581
  540207   237833       26   69.43%            5      29597
  625922   300984       17   67.53%            5      29606
  427534   364796       89   53.96%            8      29608
  384263   420738       39   47.73%            8      29591
  318205   451323      114   41.35%            8      29577
  376938   468781       44   44.57%            8      29574
  419808   473671       25   46.99%            8      29583
  374348   460950       16   44.82%            8      29593
  395705   428202       16   48.03%            8      29591
  532840   374715       53   58.71%            8      29582
  529389   317385       55   62.52%            8      29605
  667714   264312      107   71.64%            8      29571
  525513   216265       58   70.85%            8      29605
  666549   180728       17   78.67%            8      29600
  659656   154925       21   80.98%            8      29596
  741239   135271       17   84.57%            8      29565
  708600   121339       54   85.38%            8      29583
  697657   107830       69   86.61%            8      29599
  627103    98417       43   86.43%            8      29576
  748271    89755       18   89.29%            8      29572
  814515    83207       18   90.73%            8      29593
  737765    76608       57   90.59%            8      29586
  636044    71441       59   89.90%            8      29561
  801000    67154       18   92.26%            8      29569
  828664    61944       42   93.04%            8      29558
  667583    58672       54   91.92%            8      29585
  859967    55263       60   93.96%            8      29546
  770713    52292       86   93.65%            8      29599
  806883    49020       55   94.27%            8      29588
  703274    46619       19   93.78%            8      29567
  651046    44426       46   93.61%            8      29587
  645261    42140       30   93.87%            8      29550
  685394    40563       69   94.41%            8      29555
  804140    38937       47   95.38%            8      29556
  817957    36692       50   95.71%            8      29597
  706435    35892       44   95.16%            8      29586
  740992    34437       31   95.56%            8      29568
  675931    32930       20   95.35%            8      29595
  708067    31840       17   95.70%            8      29567
  936728    32777       17   96.62%            8      29594
  641049   123516       54   83.84%            9      29567
  751618   238279       18   75.93%            9      29584
  604415   326451       18   64.93%            9      29591
  426165   390859       44   52.16%            9      29574
  339044   451680       18   42.88%            9      29583
  394600   484895       18   44.87%            9      29572
  422287   497444       98   45.91%            9      29571
  252721   495364       19   33.78%            9      29578
  353162   478261       94   42.48%            9      29590
  475021   441651       43   51.82%            9      29583
  384415   391153       19   49.57%            9      29573
  495331   326494      100   60.27%            9      29584
  587620   266180       84   68.82%            9      29583
  534461   217080       19   71.12%            9      29568
  743569   180915       48   80.43%            9      29564
  549138   153339       27   78.17%            9      29555
  655142   134235       98   82.99%            9      29571
  635691   119215       41   84.21%            9      29580
  638409   106610      194   85.69%            9      29591
  718365    95995       85   88.21%            9      29559
  741412    88570       17   89.33%            9      29577
  709698    81322       20   89.72%            9      29562
  644038    75844       20   89.46%            9      29555
  720695    71958       26   90.92%           10      29581
  788485    66289      103   92.24%           10      29586
  734899    62170       18   92.20%           10      29575
  800989    58149       38   93.23%           10      29549
  748884    54721       16   93.19%           10      29558
  605426    52001       66   92.09%           10      29559
  759177    49017       25   93.93%           10      29598
  810618    64056      827   92.68%           11      29586
  748497    47499       43   94.03%           11      29567
  694659    45088       17   93.90%           11      29592
  826880    42910       47   95.07%           11      29558
  750278    40567       49   94.87%           11      29563
  675122    38820       17   94.56%           11      29562
  754884    37399      128   95.28%           11      29555
  662925    36410       47   94.79%           11      29545
  683104    50342       28   93.14%           11      29590
  753190   136797       19   84.63%           11      29567
  553662   212799       59   72.24%           11      29585
  533270   278288       18   65.71%           11      29557
  514503   335957      233   60.50%           11      29600
  362970   392826       47   48.02%           11      29582
  356565   430758       30   45.29%           11      29569
  483559   455753       21   51.48%           11      29573
  294425   469074       40   38.56%           11      29592
  464882   460627       39   50.23%           11      29565
  244233   446768      130   35.34%           11      29577
  466432   415194       48   52.91%           11      29576
  523296   364827       27   58.92%           11      29565
  475494   311986       21   60.38%           11      29566
  693176   254106       44   73.18%           11      29594
stop
