    HITS   MISSES  DIRTIES HITRATIO   BUFFERS_MB  CACHED_MB
 1647442  1046105       36   61.16%           14       4389
 1424901   990006       18   59.00%           14       8256
 1442978   991276       21   59.28%           14      12127
 1393396   987455       64   58.53%           14      15985
 1390698   991379       20   58.38%           14      19858
 1365415   989737       37   57.98%           14      23725
 1256003   990835       18   55.90%           14      27595
 1144222   989097       22   53.64%            4      29397
 1146324   989370       18   53.67%            4      29376
 1089317   987760       57   52.44%            4      29378
 1114455   980957       22   53.19%            4      29391
 1126920   980123       21   53.48%            4      29406
 1071571   988827       66   52.01%            5      29383
 1079187   986647      149   52.24%            5      29373
 1108740   989184       36   52.85%            5      29402
 1103267   979989       56   52.96%            5      29381
 1105581   976831       54   53.09%            5      29397
 1089641   984474       17   52.54%            5      29394
 1043621   986556       29   51.41%            5      29385
 1013304   989161       42   50.60%            5      29407
  969350   989178       18   49.49%            5      29407
  948034   987757       60   48.97%            5      29381
  917019   989151       50   48.11%            5      29403
  911161   989520       18   47.94%            5      29399
  920960   985581      140   48.31%            6      29378
  903860   988838       44   47.76%            6      29398
  886583   989678       19   47.25%            6      29366
  891652   984917       91   47.52%            6      29384
  842580   989839       20   45.98%            6      29388
  902404   989793       19   47.69%            6      29407
  952447   989297       44   49.05%            6      29401
  933918   989890       20   48.55%            6      29397
  926316   989132       20   48.36%            6      29391
  931701   985910       91   48.59%            6      29378
  909333   989640       18   47.89%            6      29367
  887567   988101       35   47.32%            6      29400
  888506   989453       19   47.31%            6      29415
  860916   988964       18   46.54%            6      29402
  848161   989052       19   46.17%            6      29409
  853830   986575       62   46.39%            6      29400
  840009   988555       22   45.94%            6      29377
  835514   989038       21   45.79%            6      29398
  839011   989196       21   45.89%            6      29415
  846749   988835       13   46.13%            6      29399
  851160   988928       10   46.26%            6      29407
  849066   986383       53   46.26%            6      29383
  854560   987610       96   46.39%            6      29392
  833582   988698       50   45.74%            7      29397
  852494   988874        6   46.30%            7      29390
  858630   987770       49   46.50%            7      29377
  816977   987311       23   45.28%            7      29407
  827128   986322       81   45.61%            7      29403
  826168   988746       19   45.52%            7      29389
  827525   989108       18   45.55%            7      29376
  835230   987320       50   45.83%            7      29367
  838603   988129       55   45.91%           10      29363
  849022   988192       20   46.21%           10      29376
  845220   986703       57   46.14%           10      29374
  835943   988965       20   45.81%           10      29388
  835582   989086       70   45.79%           10      29374
  837545   988155       25   45.88%           10      29385
  823900   989321       19   45.44%           10      29372
  837748   988642       19   45.87%           10      29379
  846024   986058       64   46.18%           10      29385
  835965   988720       20   45.81%           10      29390
  844943   987622       70   46.11%           10      29369
  829182   989249       18   45.60%           10      29385
  825960   989050       22   45.51%           10      29400
  826713   988935       22   45.53%           10      29385
  834815   986774       79   45.83%           10      29362
  835684   989043       20   45.80%           10      29405
  838521   987906       54   45.91%           10      29365
  835356   989078       18   45.79%           10      29381
  840440   988870       13   45.94%           10      29365
  833827   988921       10   45.75%           10      29373
  839043   986144       55   45.97%           10      29398
  840061   989051       22   45.93%           10      29356
  829892   988712       17   45.63%           10      29391
  826512   988944       17   45.53%           10      29397
  834721   988012       51   45.80%           10      29380
  828853   988109       19   45.62%           10      29363
  834914   986187       87   45.85%           10      29388
  829679   988422       18   45.63%           10      29393
  837418   988789       20   45.86%           10      29378
  840540   987798       50   45.97%           10      29388
  841004   988209       18   45.98%           10      29392
  831626   989128       19   45.67%           10      29382
  844646   986124       62   46.14%           10      29390
  838929   989172       20   45.89%           10      29362
  828881   988366      120   45.61%           11      29374
  822638   989204       11   45.40%           11      29382
  825801   988834       22   45.51%           11      29368
  819795   988923       19   45.32%           11      29353
  830876   986068       62   45.73%           11      29406
  824828   988139       20   45.50%           11      29390
  812119   987220       37   45.13%           11      29389
  819742   987696       19   45.35%           11      29371
  818951   988411       18   45.31%           11      29383
  827918   988843       18   45.57%           11      29390
  833705   986861       58   45.79%           11      29367
  822396   989140       19   45.40%           11      29383
  817766   989181       19   45.26%           11      29389
  820366   987741       22   45.37%           11      29372
  817690   989185       13   45.25%           11      29359
  819905   989199       10   45.32%           11      29395
  827289   986225       55   45.62%           11      29393
  822207   989154       21   45.39%           11      29378
  820560   989195       17   45.34%           11      29387
  816622   988387       17   45.24%           11      29378
  819799   988040       17   45.35%           11      29381
  826480   988755       18   45.53%           11      29394
  828763   986063       61   45.67%           11      29369
  824753   989340       18   45.46%           11      29378
  846187   989829      106   46.09%           12      29387
  816323   988352       40   45.23%           12      29370
  812793   988958       18   45.11%           12      29356
  804003   988306       19   44.86%           12      29389
  815811   985138       60   45.30%           12      29360
  804627   989242       19   44.85%           12      29397
  806103   988629       32   44.91%           12      29360
  789769   989837        7   44.38%           12      29371
  809978   987804      114   45.05%           12      29402
  808562   988737       29   44.99%           12      29374
  812012   987763       99   45.12%           12      29360
  802964   989061       22   44.81%           12      29396
  808553   987867       35   45.01%           12      29386
  811911   984885       20   45.19%           12      29370
  801876   986730       24   44.83%           12      29376
  804724   986269       18   44.93%           12      29380
  810384   982650       87   45.20%           12      29378
  798160   986889       20   44.71%           12      29403
  802457   987445       21   44.83%           12      29384
  813234   982241       21   45.29%           12      29396
  789745   988538       16   44.41%           12      29379
  802555   986512       23   44.86%           12      29392
stop
