    HITS   MISSES  DIRTIES HITRATIO   BUFFERS_MB  CACHED_MB
 1590436  1044980       23   60.35%           14       4398
 1445101   988971       69   59.37%           14       8262
 1392871   991334       10   58.42%           14      12135
 1384677   992009       21   58.26%           14      16010
 1404990   991260       21   58.63%           14      19881
 1362575   992014       21   57.87%           14      23757
 1350330   990449       13   57.69%           14      27625
 1362204   987566       59   57.97%            5      29271
 1322152   991835        6   57.14%            5      29223
 1315567   989233       20   57.08%            5      29253
 1340291   991339       17   57.48%            5      29269
 1339357   992156       17   57.45%            5      29231
 1315609   991605       18   57.02%            5      29257
 1343728   986855       69   57.66%            5      29254
 1335964   990451        6   57.43%            5      29231
 1316538   989966       18   57.08%            5      29263
 1319934   991182       18   57.11%            5      29250
 1328344   991686       18   57.26%            5      29238
 1309105   990625       20   56.92%            5      29258
 1301198   987458       70   56.85%            5      29260
 1363581   990055        8   57.94%            5      29257
 1322467   991350       19   57.16%            5      29237
 1334316   991070       19   57.38%            5      29245
 1355691   991017       19   57.77%            5      29245
 1301057   989533       19   56.80%            5      29254
 1344336   983875       70   57.74%            5      29270
 1314321   990079        8   57.04%            5      29253
 1304605   990853       20   56.83%            5      29259
 1344371   989106       35   57.61%            5      29253
 1511259   991049       20   60.39%            5      29232
 1492164   990414       20   60.11%            5      29237
 1503332   987498       70   60.35%            5      29230
 1520213   988577        9   60.60%            5      29257
 1517708   985497       20   60.63%            5      29244
 1517552   984917       20   60.64%            5      29255
 1540211   991697       21   60.83%            5      29245
 1514817   989740       13   60.48%            6      29247
 1514322   984652       58   60.60%            6      29259
 1541863   990647        6   60.88%            6      29228
 1481889   991435       20   59.91%            6      29267
 1484599   991166       17   59.97%            6      29246
 1513629   991043       17   60.43%            6      29247
 1509820   991693       18   60.36%            6      29272
 1500672   988609       72   60.29%            6      29248
 1449542   992326        6   59.36%            6      29254
 1493988   991701       16   60.10%            6      29243
 1498361   991338       18   60.18%            6      29245
 1522952   991352       18   60.57%            6      29245
 1526708   991684       18   60.62%            6      29257
 1486539   988601       69   60.06%            6      29234
 1515890   988255        8   60.54%            6      29231
 1497576   982089       19   60.39%            6      29240
 1501452   990562       19   60.25%            6      29268
 1473668   991124       23   59.79%            6      29253
 1514141   990747       19   60.45%            6      29266
 1502983   988154       70   60.33%            6      29271
 1507026   991624        9   60.31%            6      29245
 1528237   991014       20   60.66%            6      29252
 1497795   988919       82   60.23%            9      29269
 1512922   991741       25   60.40%            9      29231
 1527167   991724       20   60.63%            9      29241
 1491696   988165       66   60.15%            9      29238
 1503866   991184        9   60.27%            9      29225
 1537512   991131       20   60.80%            9      29226
 1482852   990998       21   59.94%            9      29234
 1485670   990886       22   59.99%            9      29240
 1526978   990402       13   60.66%            9      29245
 1508835   987798       60   60.43%            9      29241
 1497999   991353        6   60.18%            9      29256
 1527890   990905       20   60.66%            9      29221
 1507858   989947       17   60.37%            9      29247
 1498629   989612       17   60.23%            9      29242
 1529747   989564       18   60.72%            9      29242
 1513299   986775       69   60.53%            9      29257
 1507761   989590        7   60.37%            9      29259
 1526642   991072       18   60.64%            9      29230
 1534983   992416      107   60.73%           10      29239
 1489365   990539       45   60.06%           10      29223
 1487080   991173        6   60.01%           10      29261
 1504494   989200       70   60.33%           10      29261
 1458991   991621        8   59.54%           10      29264
 1484999   990396       19   59.99%           10      29240
 1497816   990259       19   60.20%           10      29246
 1470328   991189       19   59.73%           10      29254
 1502249   991458       19   60.24%           10      29242
 1499720   988887       70   60.26%           10      29263
 1468138   991894        7   59.68%           10      29245
 1503273   989349       20   60.31%           10      29246
 1514250   989890       39   60.47%           10      29257
 1460377   991590       19   59.56%           10      29267
 1480132   991732       20   59.88%           10      29248
 1490317   974180       73   60.47%           10      29241
 1427431   988458       61   59.09%           10      29238
 1477085   991458       19   59.84%           11      29248
 1458142   990866       21   59.54%           11      29248
 1450037   989714       64   59.43%           11      29222
 1469819   991961        4   59.71%           11      29234
 1500500   989454       57   60.26%           11      29256
 1498012   991779        6   60.17%           11      29238
 1474643   991487       20   59.80%           11      29262
 1508423   990188       17   60.37%           11      29245
 1478334   990686       17   59.88%           11      29229
 1473343   983143       18   59.98%           11      29258
 1511176   982098       71   60.61%           11      29221
 1483950   992031        6   59.93%           11      29256
 1482801   990096       16   59.96%           11      29260
 1494970   988184       18   60.20%           11      29264
 1495138   990174       18   60.16%           11      29218
 1513290   991360       18   60.42%           11      29226
 1516414   989088       71   60.52%           11      29256
 1523969   991257        8   60.59%           11      29235
 1498978   991695       19   60.18%           11      29246
 1523464   991256       19   60.58%           11      29247
 1525351   989511       23   60.65%           11      29249
 1501864   985429       19   60.38%           11      29228
 1534779   986235       73   60.88%           11      29261
 1525120   991113        8   60.61%           11      29247
 1491318   987687       20   60.16%           11      29235
 1511233   989727       35   60.43%           11      29238
 1521363   991870       19   60.53%           11      29242
 1472243   990682       20   59.78%           11      29254
 1507578   988362       67   60.40%           11      29245
 1534685   991768        9   60.74%           11      29248
 1495798   986794       19   60.25%           11      29240
 1490882   989995       81   60.09%           11      29244
 1527792   990495       27   60.67%           11      29250
 1505117   988822       13   60.35%           11      29249
 1481558   988241       60   59.99%           11      29245
 1527837   991826        6   60.64%           11      29249
 1495805   991513       20   60.14%           11      29236
 1471305   991429       16   59.74%           11      29265
 1529510   990459       16   60.70%           11      29216
 1502328   991311       18   60.25%           11      29224
 1496250   986620       68   60.26%           11      29228
 1516197   991511        6   60.46%           11      29253
stop
