    HITS   MISSES  DIRTIES HITRATIO   BUFFERS_MB  CACHED_MB
 1833089  1077228       57   62.99%           14       4521
 1502455   989899       58   60.28%           14       8388
 1524114   991031       12   60.60%           15      12259
 1443043   990044      117   59.31%           15      16126
 1434088   992092        7   59.11%           15      20002
 1423223   990888       18   58.95%           15      23872
 1352117   985930      109   57.83%           15      27723
 1179876   990444        8   54.36%            5      29421
 1118815   988182       18   53.10%            5      29424
  626001   978529       18   39.01%            5      29453
  123917   970108       19   11.33%            3      29463
   44887   975317       19    4.40%            3      29452
   40891   967945       67    4.05%            3      29463
       0   946378       10    0.00%            3      29462
       0   887091       37    0.00%            3      29491
       0   902093       21    0.00%            3      29470
       0   900603       21    0.00%            3      29505
       0   818874       21    0.00%            3      29509
       0   792469       77    0.00%            3      29509
       0   803212       10    0.00%            3      29491
       0   788870       24    0.00%            2      29508
       0   775852       35    0.00%            2      29473
       0   725300        4    0.00%            2      29513
       0   765447       10    0.00%            2      29462
       0   836710       67    0.00%            2      29498
       0   807261        6    0.00%            2      29502
       0   808137       17    0.00%            2      29504
       0   754927       18    0.00%            2      29492
       0   754991       18    0.00%            2      29467
       0   769873       17    0.00%            2      29475
       0   816829       71    0.00%            2      29493
       0   787511       12    0.00%            2      29483
       0   749092       19    0.00%            2      29509
       0   827786       19    0.00%            2      29496
       0   861460       18    0.00%            2      29504
       0   787009       20    0.00%            2      29514
       0   772401       73    0.00%            2      29496
       0   751295        9    0.00%            2      29493
       0   845743       72    0.00%            6      29507
       0   968143       23    0.00%            6      29514
       0   841636       21    0.00%            5      29496
       0   770512       21    0.00%            4      29509
       0   777230       76    0.00%            4      29491
       0   889097       10    0.00%            4      29506
       0   808849       38    0.00%            4      29498
       0   715552       20    0.00%            3      29501
       0   812004       21    0.00%            3      29508
       0   813216       21    0.00%            3      29519
       0   713993       71    0.00%            3      29493
       0   799035       11    0.00%            3      29509
       0   780199       21    0.00%            3      29463
       0   749953       31    0.00%            3      29487
       0   737640        4    0.00%            3      29505
       0   728497       25    0.00%            3      29493
       0   819832       58    0.00%            3      29513
       0   755886       40    0.00%            4      29501
       0   777017       18    0.00%            4      29485
       0   734881       17    0.00%            4      29489
       0   723715        6    0.00%            3      29501
       0   767000       17    0.00%            3      29504
       0   794229       66    0.00%            3      29497
       0   852788       23    0.00%            3      29487
       0   827574       18    0.00%            3      29487
       0   802233       18    0.00%            3      29478
       0   813266       19    0.00%            3      29500
       0   854900       59    0.00%            3      29477
       0   780186       63    0.00%            3      29467
       0   767360       46    0.00%            3      29506
       0   871010     1945    0.00%            8      29457
       0   741668       19    0.00%            8      29470
       0   737481      702    0.00%            4      29498
       0   712279       19    0.00%            4      29491
       0   724931       61    0.00%            4      29479
       0   753479       21    0.00%            3      29484
       0   730799       38    0.00%            3      29484
       0   688139       22    0.00%            3      29488
       0   759778       21    0.00%            3      29499
       0   716740       22    0.00%            3      29500
       0   709413       66    0.00%            3      29508
       0   749927       21    0.00%            3      29506
       0   792604       22    0.00%            3      29513
       0   743988       20    0.00%            3      29484
       0   741610       13    0.00%            3      29507
       0   693126       15    0.00%            3      29484
       0   746974       59    0.00%            3      29507
       0   751257       17    0.00%            3      29511
       0   746565       27    0.00%            3      29495
       0   755958       42    0.00%            3      29470
       0   769188       18    0.00%            3      29489
       0   721561      126    0.00%            3      29502
       0   720487       44    0.00%            3      29479
       0   758872      107    0.00%            3      29473
       0   769858       18    0.00%            3      29502
       0   744238       18    0.00%            3      29499
       0   661492       18    0.00%            3      29513
       0   702234       31    0.00%            3      29502
       0   744326       40    0.00%            3      29510
       0   776989       62    0.00%            3      29514
       0   745669       20    0.00%            3      29504
       0   831376       57    0.00%            3      29512
       0   750249       21    0.00%            3      29487
       0   822586       20    0.00%            3      29502
       0   730669       20    0.00%            3      29490
       0   721169       63    0.00%            3      29468
       0   752845       40    0.00%            3      29513
       0   789319       21    0.00%            3      29496
       0   765540       20    0.00%            3      29515
       0   730321       20    0.00%            3      29498
       0   720519       49    0.00%            3      29506
       0   777921       64    0.00%            3      29516
       0   786338       21    0.00%            3      29499
       0   709921       51    0.00%            3      29504
       0   765706       19    0.00%            3      29505
       0   722658       14    0.00%            3      29499
       0   734168       16    0.00%            3      29469
       0   709828       61    0.00%            3      29509
       0   713310       17    0.00%            3      29502
       0   741876       17    0.00%            3      29504
       0   771472       16    0.00%            3      29513
       0   744115       17    0.00%            3      29491
       0   699322       17    0.00%            3      29521
       0   762792       58    0.00%            3      29494
       0   777972      132    0.00%            4      29510
       0   737159       18    0.00%            3      29519
       0   709837       18    0.00%            3      29503
       0   732341       19    0.00%            3      29521
       0   738585       19    0.00%            3      29472
       0   795669       63    0.00%            3      29490
       0   671838       17    0.00%            3      29480
       0   748438       19    0.00%            3      29485
       0   719927       20    0.00%            3      29501
       0   694329       20    0.00%            3      29504
       0   773227       20    0.00%            3      29498
       0   757819       64    0.00%            3      29495
       0   722745       38    0.00%            3      29479
stop
