    HITS   MISSES  DIRTIES HITRATIO   BUFFERS_MB  CACHED_MB
 1777454  1043310       28   63.01%           13       4430
 1652376   990059       49   62.53%           14       8297
 1590998   990524       27   61.63%           14      12166
 1517155   990189       18   60.51%           14      16034
 1330942   990133       18   57.34%           14      19902
  452254   861131       66   34.43%           14      23266
  344080   366370      104   48.43%           14      24696
  635143   205709      118   75.54%           14      25499
  632973   139642       73   81.93%           14      26045
  747459   105827       20   87.60%           15      26458
  795333    84396       18   90.41%           15      26788
  713136    70188       96   91.04%           15      27062
  719435    59435       18   92.37%           15      27294
  909702    51237      107   94.67%           15      27494
  789374    45072       60   94.60%           15      27669
  657414    40595       80   94.18%           15      27828
  761238    36642       52   95.41%           15      27970
  814502    33185       51   96.09%           15      28100
  807343    30705       15   96.34%           15      28220
  727880    28444       59   96.24%           15      28331
  836810    26060       26   96.98%           15      28433
  749183    24273       17   96.86%           15      28528
  821388    22745       17   97.31%           15      28617
  821976    21319       90   97.47%           15      28700
  679236    20365       18   97.09%           15      28780
  854689    18871       18   97.84%           15      28854
  728458    17790      118   97.62%           15      28923
  730312    17048       43   97.72%           15      28990
  765183    16454       18   97.89%           15      29054
  774676    15400       86   98.05%           15      29114
  667152    14883       27   97.82%           15      29172
  832312    14267       19   98.31%           15      29228
  770114    13456       26   98.28%           15      29281
  886011    12904       40   98.56%           15      29331
  987570    12585       19   98.74%           15      29380
  735971    12011       96   98.39%           15      29427
  684141    11614       17   98.33%           15      29473
  778123    11329       19   98.56%           15      29517
  866718    10869       37   98.76%           15      29559
  811807    37832       19   95.55%            5      29565
  705947    96343       89   87.99%            5      29586
  640315   163738       78   79.64%            5      29566
  544699   237690       17   69.62%            5      29581
  551875   301480       17   64.67%            5      29592
  599781   360768       56   62.44%            5      29580
  420794   413672       19   50.43%            5      29601
  278667   450774       13   38.20%            5      29585
  440642   469923       49   48.39%            5      29587
  344510   471318       14   42.23%            5      29601
  241604   459824       20   34.44%            5      29592
  316107   431725       16   42.27%            5      29589
  401052   379268       23   51.40%            5      29592
  561056   317992       35   63.83%            5      29594
  516263   264440      136   66.13%            5      29612
  592293   218194       54   73.08%            6      29601
  700945   181208       41   79.46%            6      29598
  666751   154351       91   81.20%            6      29592
  685975   136563       46   83.40%            6      29567
  608641   121734       26   83.33%            6      29586
  789440   109953       56   87.77%            6      29609
  803819    99030       18   89.03%            6      29590
  682113    90436       18   88.29%            6      29588
  800100    83006       18   90.60%            6      29557
  796251    76607       18   91.22%            6      29603
  810908    71680       18   91.88%            6      29578
  908224    66878       57   93.14%            6      29586
  909120    62176       19   93.60%            6      29574
  709488    59191       19   92.30%            6      29553
  752509    55624       34   93.12%            6      29566
  788336    52331       18   93.78%            6      29567
  757503    49330       18   93.89%            6      29558
  814076    46994       59   94.54%            6      29589
  737029    44554       18   94.30%            6      29560
  849342    42510       19   95.23%            6      29574
  729001    40917       21   94.69%            6      29582
  721082    39329       21   94.83%            6      29583
  797903    37135       13   95.55%            6      29577
  713773    35872       54   95.21%            6      29564
  735452    34482       15   95.52%            6      29596
  783581    33208       21   95.93%            6      29575
  756605    32048       21   95.94%            6      29596
  844645    37552       41   95.74%            6      29592
  590903   129099       17   82.07%            6      29589
  561902   226680       83   71.25%            6      29610
  574231   321951       27   64.08%            6      29600
  507480   387876       18   56.68%            6      29593
  441590   444186       18   49.85%            6      29588
  390349   481950       18   44.75%            6      29593
  262420   495700       25   34.61%            6      29579
  329634   496398       77   39.91%            6      29588
  291537   477742       84   37.90%            6      29585
  507495   445511       71   53.25%            6      29593
  482105   391469       28   55.19%            6      29598
  385652   327880       19   54.05%            6      29611
  567635   269968       19   67.77%            6      29600
  581676   218717       83   72.67%            6      29592
  600144   181846       19   76.75%            6      29591
  708533   155163       21   82.03%            6      29589
  625123   134871       70   82.25%            6      29608
  799858   120129       17   86.94%            6      29569
  795038   107014       17   88.14%            6      29581
  687411    96254      137   87.72%            6      29603
  720478    89201       17   88.98%            6      29596
  866852    81703       17   91.39%            6      29560
  818512    75440       58   91.56%            6      29600
  757328    70398       20   91.50%            6      29571
  752375    66330       13   91.90%            6      29576
  685043    61360       49   91.78%            6      29562
  650035    58332       14   91.77%            6      29587
  663236    55043       20   92.34%            6      29599
  702230    51625       30   93.15%            6      29598
  678093    49456       42   93.20%            6      29588
  726851    47534       16   93.86%            6      29570
  629386    44302      139   93.42%            7      29591
  753113    42880      100   94.61%            7      29555
  904778    41336       17   95.63%            7      29565
  825923    39239       47   95.46%            7      29566
  764804    37607       26   95.31%            7      29560
  775401    37013       17   95.44%            7      29603
  844459    35150       56   96.00%            7      29588
  657860    33957       18   95.09%            7      29568
  722149    54194       18   93.02%            7      29577
  710539   123512       18   85.19%            7      29602
  642829   191570       18   77.04%            7      29589
  551331   259953       18   67.96%            7      29591
  591062   313180       67   65.37%            7      29595
  515945   354572       38   59.27%            7      29610
  591959   398839       19   59.75%            7      29587
  377918   429170       43   46.82%            7      29589
  331654   442686      153   42.83%            7      29578
  402756   447205       18   47.39%            7      29593
  460529   438586      154   51.22%            7      29580
  318335   417555       84   43.26%            7      29594
  456323   380620       18   54.52%            7      29581
  501048   331281       19   60.20%            7      29606
stop
