    HITS   MISSES  DIRTIES HITRATIO   BUFFERS_MB  CACHED_MB
 1756935  1043427       41   62.74%           14       4397
 1648026   990381       18   62.46%           14       8266
 1614858   990262       11   61.99%           14      12134
 1593230   988789       43   61.70%           14      15996
 1540254   989718       29   60.88%           14      19863
 1478066   987279       61   59.95%           14      23720
 1333307   989899       17   57.39%           14      27586
 1005661   989007       17   50.42%            5      29495
 1225320   990284       18   55.30%            5      29494
 1309700   990073       18   56.95%            5      29518
 1304502   989920       18   56.86%            5      29506
 1321847   986592       58   57.26%            5      29510
 1315015   990121       18   57.05%            5      29477
 1278801   989569       18   56.38%            5      29471
 1212885   989141       57   55.08%            6      29499
 1225779   988927       56   55.35%            6      29512
 1258414   988669      105   56.00%            6      29495
 1285818   985187      157   56.62%            6      29472
 1308121   989032      126   56.95%            6      29492
 1303828   989472       19   56.85%            6      29486
 1306250   989910       19   56.89%            6      29474
 1273653   988048       59   56.31%            6      29470
 1249022   990207       18   55.78%            6      29481
 1273883   986645       60   56.35%            6      29480
 1295322   988120       34   56.73%            6      29473
 1305865   988654       40   56.91%            6      29479
 1298089   990180       17   56.73%            6      29504
 1303365   990060       17   56.83%            6      29507
 1289919   987717       62   56.63%            6      29487
 1280725   987464       59   56.46%            6      29480
 1349384   989172       89   57.70%            8      29484
 1367955   988153        9   58.06%            8      29501
 1364476   989612        9   57.96%            8      29496
 1381309   988984       14   58.28%            8      29495
 1382771   989003       19   58.30%            8      29509
 1358480   987113       53   57.92%            8      29478
 1344739   989863       16   57.60%            8      29503
 1346859   989808       16   57.64%            8      29490
 1355821   989440       16   57.81%            8      29506
 1372214   989234       17   58.11%            8      29505
 1365153   989420       17   57.98%            8      29491
 1375292   987260       60   58.21%            8      29498
 1365885   989975       17   57.98%            8      29494
 1361311   988898       17   57.92%            8      29506
 1341913   989035       17   57.57%            8      29470
 1352122   989605       18   57.74%            8      29501
 1366774   990032       18   57.99%            8      29467
 1370575   987532       57   58.12%            8      29504
 1373326   989576       18   58.12%            8      29491
 1373513   990016       18   58.11%            8      29501
 1370650   990017       22   58.06%            8      29491
 1360540   990114       18   57.88%            8      29500
 1338524   989694       44   57.49%            9      29495
 1367134   986891       61   58.08%            9      29500
 1361393   987971       35   57.95%            9      29481
 1352335   987653      112   57.79%            9      29467
 1354067   989632       47   57.77%            9      29476
 1355098   990060       18   57.78%            9      29486
 1370708   988255       48   58.11%            9      29468
 1355473   987328       67   57.86%            9      29510
 1360695   989165       31   57.91%            9      29475
 1370135   989810        9   58.06%            9      29491
 1378448   990132        9   58.20%            9      29473
 1372804   989795       14   58.11%            9      29476
 1375773   987992       20   58.20%            9      29486
 1367815   987060       60   58.08%            9      29505
 1361687   989828       40   57.91%            9      29501
 1367705   989246       17   58.03%            9      29515
 1372362   988032       46   58.14%            9      29496
 1368504   989382       27   58.04%            9      29464
 1346771   989674       77   57.64%            9      29477
 1379443   987521       83   58.28%            9      29507
 1356321   989713       17   57.81%            9      29463
 1360899   988122       45   57.93%            9      29483
 1370518   990039       26   58.06%            9      29499
 1355185   990031       18   57.79%            9      29502
 1363272   989521       18   57.94%            9      29488
 1361998   987595       61   57.97%            9      29510
 1363181   989884       19   57.93%            9      29499
 1356485   989938       18   57.81%            9      29488
 1363369   989654       19   57.94%            9      29504
 1348720   990032       19   57.67%            9      29492
 1353563   989118       19   57.78%            9      29506
 1368502   987703       59   58.08%            9      29494
 1349040   988239       34   57.72%            9      29496
 1343216   989969       17   57.57%            9      29484
 1356230   989720       17   57.81%            9      29501
 1344613   990096       43   57.59%            9      29490
 1350955   989938       17   57.71%            9      29507
 1359668   986199       57   57.96%            9      29466
 1352376   989121       56   57.76%            9      29502
 1355046   989631       18   57.79%            9      29475
 1344407   989703       85   57.60%           10      29483
 1351282   989933       44   57.72%           10      29499
 1349553   989819       21   57.69%           10      29461
 1364962   984559       87   58.10%           10      29477
 1353565   988839       26   57.79%           10      29489
 1348105   989776       16   57.66%           10      29483
 1342889   989732       17   57.57%           10      29500
 1361608   989645       17   57.91%           10      29488
 1355488   989991       17   57.79%           10      29490
 1361513   987365       55   57.96%           10      29512
 1358997   988493       18   57.89%           10      29488
 1341561   989478       17   57.55%           10      29503
 1358315   988772       18   57.87%           10      29486
 1353856   989734       17   57.77%           10      29503
 1351109   988260       19   57.76%           10      29484
 1364366   987781       55   58.01%           11      29487
 1360168   988943       85   57.90%           11      29470
 1348416   989340       22   57.68%           11      29486
 1353711   989655       21   57.77%           11      29501
 1372084   988869       18   58.12%           11      29494
 1346960   989787       19   57.64%           11      29480
 1368022   987241       59   58.08%           11      29473
 1369140   988308       34   58.08%           11      29490
 1361141   989761       23   57.90%           11      29479
 1343850   989757       39   57.59%           11      29509
 1358762   988891      108   57.88%           11      29472
 1354372   988622       47   57.81%           11      29477
 1323830   986465      123   57.30%           11      29459
 1334842   989096      192   57.44%           11      29472
 1315619   988917       11   57.09%           11      29478
 1325799   988552       50   57.29%           11      29461
 1329970   989327       14   57.34%           11      29468
 1341947   988666       20   57.58%           11      29466
 1316891   988133       57   57.13%           11      29497
 1338176   988887       16   57.50%           11      29511
 1318839   989920       16   57.12%           11      29477
 1319459   989275       17   57.15%           11      29478
 1336590   990152       17   57.44%           11      29467
 1323440   989232       22   57.23%           11      29496
 1323900   986349       78   57.31%           11      29477
 1308277   988086       80   56.97%           11      29459
 1320994   988039       87   57.21%           11      29512
 1319908   990282       26   57.13%           11      29494
stop
