    HITS   MISSES  DIRTIES HITRATIO   BUFFERS_MB  CACHED_MB
 1793885  1040128       97   63.30%           14       4363
 1682584   989439      103   62.97%           14       8228
 1656892   990494       17   62.59%           14      12098
 1647309   989703       17   62.47%           14      15963
 1632847   988255       57   62.30%           14      19824
 1632856   989974       16   62.26%           14      23692
 1610923   985959       56   62.03%           14      27542
 1612934   990036       19   61.97%           14      29432
 1622833   989935       19   62.11%           15      29455
 1595433   989571       19   61.72%           15      29451
 1639369   989680       19   62.36%            5      29444
 1626485   990299       18   62.16%            5      29442
 1624366   987315       72   62.20%            5      29467
 1608094   987957        8   61.94%            5      29446
 1599222   986593       17   61.85%            5      29478
 1617592   986484       17   62.12%            5      29438
 1601042   986449      121   61.88%            5      29471
 1617509   987226      112   62.10%            5      29449
 1617944   985755       98   62.14%            5      29466
 1595535   987753       66   61.76%            5      29435
 1609525   989498       20   61.93%            5      29448
 1604456   986387       59   61.93%            5      29472
 1600088   989376       61   61.79%            5      29479
 1615543   989246       21   62.02%            5      29447
 1593404   984059      329   61.82%            7      29495
 1592293   990315       21   61.65%            7      29486
 1612524   990097       35   61.96%            7      29484
 1610686   989208       10   61.95%            7      29461
 1606476   990149       14   61.87%            6      29467
 1672490   988835       60   62.84%            6      29472
 1678964   987044       58   62.98%            6      29499
 1684177   989326      110   63.00%            6      29504
 1692132   989338       38   63.10%            6      29461
 1693816   990292       17   63.11%            6      29500
 1687295   988354       57   63.06%            6      29515
 1678652   990111       22   62.90%            6      29470
 1688666   987563       59   63.10%            6      29503
 1685422   989677       47   63.00%            6      29482
 1692819   989999       18   63.10%            6      29500
 1690132   990227       18   63.06%            6      29497
 1674177   988480       60   62.88%            6      29498
 1681838   989826       18   62.95%            6      29477
 1685671   987088      122   63.07%            6      29461
 1692959   989959       47   63.10%            6      29500
 1689275   990201       17   63.04%            6      29522
 1696239   988225       45   63.19%            6      29485
 1698320   990242       31   63.17%            6      29521
 1682627   990368       37   62.95%            6      29505
 1698631   986575       78   63.26%            7      29511
 1686206   989129      138   63.03%            7      29519
 1675036   989865       29   62.86%            7      29526
 1698886   990235       20   63.18%            7      29507
 1669589   989613       26   62.79%            7      29508
 1666061   989166       99   62.75%            7      29516
 1695946   986818       80   63.22%            7      29504
 1695824   988729       59   63.17%            7      29473
 1713034   990203       14   63.37%            7      29523
 1698358   990394       10   63.17%            7      29518
 1687657   988448       14   63.06%            7      29515
 1700863   989958       20   63.21%            7      29507
 1704811   987849       58   63.31%            7      29473
 1691419   990000       18   63.08%            7      29516
 1692232   989547       17   63.10%            7      29483
 1699824   990415       18   63.18%            7      29469
 1696468   990306       17   63.14%            7      29525
 1712352   989126       18   63.39%            7      29519
 1710753   988226       53   63.39%            7      29489
 1691820   989815       19   63.09%            7      29479
 1697663   990018       18   63.16%            7      29506
 1708223   989818       18   63.31%            7      29511
 1693831   990462       18   63.10%            7      29484
 1705049   989334       18   63.28%            7      29493
 1699897   988897       59   63.22%            7      29519
 1705402   989414       21   63.28%            7      29522
 1706864   990574       18   63.28%            7      29509
 1696025   990704       18   63.13%            7      29522
 1694035   990179       18   63.11%            7      29525
 1700636   989071       23   63.23%            7      29530
 1691700   989077       97   63.10%            8      29516
 1708534   989674       18   63.32%            8      29490
 1713152   989120       48   63.40%            8      29509
 1700390   989339       93   63.22%            8      29515
 1707725   990457       43   63.29%            8      29503
 1691363   990163       20   63.07%            8      29503
 1699453   986491      103   63.27%            8      29489
 1709911   990475       19   63.32%            8      29515
 1717020   990412       13   63.42%            8      29518
 1697622   991153       14   63.14%            9      29525
 1716656   989335       32   63.44%            9      29515
 1705239   990008      111   63.27%            9      29506
 1695349   987027      115   63.20%            9      29519
 1657067   990216       39   62.60%            9      29481
 1664976   989434       76   62.72%            9      29501
 1677943   989394       45   62.91%            9      29482
 1688167   988794       47   63.06%            9      29515
 1679995   990336       25   62.91%            9      29524
 1684584   987478       60   63.04%            9      29518
 1680803   989773       24   62.94%            9      29525
 1666935   990394       19   62.73%            9      29512
 1668830   990416       19   62.76%            9      29510
 1689426   990325       19   63.04%            9      29510
 1683249   990304       19   62.96%            8      29476
 1677261   987328      121   62.95%            8      29497
 1673138   991036        8   62.80%            7      29510
 1676982   990388       19   62.87%            7      29505
 1679035   990428       17   62.90%            7      29471
 1673933   990377       17   62.83%            7      29500
 1688618   990389       17   63.03%            7      29525
 1681400   983614      104   63.09%            7      29505
 1677278   989246       18   62.90%            7      29522
 1685207   990345       20   62.99%            7      29526
 1668257   987172       47   62.82%            7      29516
 1671831   989400       28   62.82%            7      29529
 1678549   990409       19   62.89%            7      29499
 1681866   987428       67   63.01%            7      29484
 1661344   990172       10   62.66%            7      29490
 1682396   989284       78   62.97%            7      29504
 1670691   990410       36   62.78%            7      29503
 1674067   990358       14   62.83%            7      29513
 1677356   986919       52   62.96%            7      29521
 1683189   987907       68   63.01%            7      29521
 1698510   988370       66   63.21%            7      29530
 1682753   989848       72   62.96%            7      29496
 1676295   990140      145   62.87%            7      29482
 1696484   988075       92   63.19%            7      29488
 1696495   990796        6   63.13%            7      29504
 1702721   987287       67   63.30%            7      29515
 1707089   991055        7   63.27%            7      29515
 1700722   989046       18   63.23%            7      29477
 1705253   990200       18   63.26%            7      29486
 1679899   989787       18   62.92%            7      29502
 1697933   989534      101   63.18%            7      29509
 1691610   987678       60   63.14%            7      29482
 1685852   990984        8   62.98%            7      29487
 1681981   990015       17   62.95%            7      29518
stop
