    HITS   MISSES  DIRTIES HITRATIO   BUFFERS_MB  CACHED_MB
 1762468  1044846       28   62.78%           15       4434
 1671179   990311       54   62.79%           15       8303
 1652958   990475        8   62.53%           15      12172
 1612132   990524       26   61.94%           15      16040
 1599970   990563       38   61.76%           15      19910
 1558346   990621       19   61.14%           15      23780
 1483927   990486       19   59.97%           15      27649
 1367976   988692      108   58.05%            5      29584
 1354705   989209      105   57.80%            5      29612
 1327063   990387        8   57.26%            5      29610
 1330242   988824       18   57.36%            5      29600
 1323922   989373       76   57.23%            5      29593
 1320410   989855       17   57.15%            5      29615
 1328285   988960       61   57.32%            5      29595
 1331533   988962       40   57.38%            5      29616
 1318121   989859       20   57.11%            5      29618
 1324137   990186       20   57.21%            5      29614
 1326196   989126       70   57.28%            5      29621
 1330689   989728       16   57.35%            5      29588
 1324303   989471       81   57.24%            5      29624
 1323330   990443        5   57.19%            5      29628
 1335520   989235       56   57.45%            5      29591
 1314725   989753       14   57.05%            5      29623
 1312200   989935      164   57.00%            5      29625
 1329984   989676       36   57.34%            5      29592
 1318087   989345       63   57.12%            5      29628
 1330979   989295       45   57.36%            5      29629
 1322469   988192       16   57.23%            5      29616
 1324091   989523       27   57.23%            6      29610
 1357150   989248      182   57.84%            6      29610
 1423607   990077       35   58.98%            6      29599
 1418522   987601       97   58.95%            6      29614
 1434392   990234       17   59.16%            6      29624
 1428825   989763       18   59.08%            6      29620
 1422898   990224       18   58.97%            6      29595
 1422588   989635       18   58.97%            6      29590
 1417605   990182       18   58.88%            6      29615
 1420857   989304       66   58.95%            6      29608
 1424234   988363        8   59.03%            6      29612
 1410295   989601       19   58.76%            6      29606
 1414826   990274       17   58.83%            6      29610
 1420893   989640       34   58.95%            6      29589
 1408752   990062       23   58.73%            6      29621
 1427914   988233       85   59.10%            6      29618
 1421682   990355        9   58.94%            6      29614
 1424159   989175       58   59.01%            6      29615
 1408606   989175       84   58.75%            6      29599
 1418193   989333      106   58.91%            8      29619
 1415271   989608       20   58.85%            8      29584
 1417197   989157       76   58.89%            8      29629
 1395439   988950       49   58.52%            8      29591
 1397596   990349        5   58.53%            8      29595
 1408339   989271       20   58.74%            8      29587
 1401158   989967       57   58.60%            8      29590
 1404684   989696       14   58.67%            8      29586
 1397323   988974      149   58.56%            8      29606
 1396689   989964        7   58.52%            8      29630
 1403964   989913       18   58.65%            8      29619
 1408291   989563       67   58.73%            8      29612
 1412317   990024        6   58.79%            8      29623
 1402625   990095       18   58.62%            8      29590
 1397171   989289       64   58.55%            8      29626
 1402891   989941        8   58.63%            8      29601
 1391862   990103       19   58.43%            8      29625
 1395718   989275       19   58.52%            8      29597
 1392559   989575       19   58.46%            8      29605
 1395713   990405       25   58.49%            8      29603
 1384465   988016      155   58.36%            8      29612
 1397494   989267       70   58.55%            8      29598
 1380409   990077       47   58.23%            8      29616
 1403555   990134       18   58.64%            8      29633
 1404931   989958       35   58.66%            8      29621
 1382980   989447       17   58.29%            8      29607
 1391791   988837       59   58.46%            8      29600
 1388594   989908        9   58.38%            8      29601
 1389128   990070       18   58.39%            8      29605
 1381306   990043       20   58.25%            8      29615
 1385150   990173       22   58.31%            8      29611
 1395528   988996       30   58.52%            8      29596
 1396198   989651       51   58.52%            8      29619
 1382416   989760        5   58.28%            8      29608
 1393571   989057       14   58.49%            8      29592
 1378395   990101       19   58.20%            8      29609
 1390657   989966       20   58.42%            8      29605
 1395383   989329       16   58.51%            8      29613
 1388647   988579       63   58.41%            8      29610
 1389459   990105        7   58.39%            8      29599
 1385223   990348       17   58.31%            8      29588
 1386608   990323       17   58.34%            8      29600
 1387026   990240       17   58.35%            8      29590
 1367103   989663       17   58.01%            8      29598
 1392482   989460       66   58.46%            9      29614
 1389391   990365        7   58.38%            9      29611
 1377678   989917       18   58.19%            9      29607
 1375304   989409       18   58.16%            9      29599
 1384196   990118       18   58.30%            9      29596
 1385737   989441       23   58.34%            9      29590
 1380543   989346       86   58.25%            9      29604
 1362635   989871      106   57.92%            9      29586
 1386344   989239       45   58.36%            9      29614
 1359001   989836       25   57.86%            9      29588
 1369635   989415       25   58.06%            9      29625
 1380224   990041       18   58.23%            9      29613
 1365942   989071       65   58.00%            9      29612
 1370933   989381        9   58.08%            9      29606
 1371400   990075       19   58.07%            9      29595
 1374310   989662       21   58.14%            9      29611
 1374731   989237       21   58.15%            9      29623
 1362792   990032       51   57.92%            9      29620
 1360468   989240       50   57.90%            9      29605
 1362121   990439        5   57.90%            9      29610
 1362870   990229       15   57.92%            9      29606
 1361560   989159       21   57.92%            9      29606
 1373123   988833       17   58.13%            9      29612
 1361190   989754       17   57.90%            9      29599
 1364628   989468       66   57.97%            9      29622
 1365281   990212       85   57.96%            9      29612
 1356143   990223       45   57.80%            9      29601
 1353652   989875      117   57.76%            9      29618
 1359570   989137       48   57.89%            9      29624
 1354543   989832       16   57.78%            9      29612
 1354388   988765       68   57.80%            9      29603
 1345570   990187        7   57.61%            9      29614
 1362276   989086       24   57.94%            9      29597
 1335819   990276       40   57.43%            9      29610
 1353722   989605       88   57.77%            9      29612
 1360592   989283       44   57.90%            9      29575
 1353723   988303      151   57.80%            9      29579
 1359503   990047       36   57.86%            9      29598
 1355538   988894       20   57.82%            9      29589
 1368366   988835      120   58.05%            9      29623
 1350023   989782       55   57.70%            9      29610
 1362291   990415       17   57.90%            9      29601
 1358144   988760       91   57.87%            9      29613
 1366432   988491       53   58.02%            9      29596
stop
