    HITS   MISSES  DIRTIES HITRATIO   BUFFERS_MB  CACHED_MB
 1785396  1044648       50   63.09%           14       4403
 1676943   990898        7   62.86%           14       8274
 1658486   990511       19   62.61%           14      12142
 1663944   987893       94   62.75%           14      16002
 1641295   990491        8   62.36%           14      19870
 1649326   990009       19   62.49%           14      23738
 1631211   988577       57   62.27%           14      27599
 1609684   989682       18   61.93%            4      29433
 1619526   989021       34   62.09%            4      29397
 1604139   987397       65   61.90%            4      29425
 1623107   990416       14   62.10%            4      29389
 1597436   990183      108   61.73%            5      29399
 1605929   990727       41   61.85%            5      29412
 1611543   989194       62   61.96%            5      29412
 1611232   990411       19   61.93%            5      29418
 1618272   987327       71   62.11%            5      29424
 1597127   990559        7   61.72%            5      29415
 1602982   989838       76   61.82%            5      29432
 1624472   989427       52   62.15%            5      29412
 1615697   990113        7   62.00%            5      29416
 1610907   989031       56   61.96%            5      29430
 1623355   987556       66   62.18%            5      29403
 1608393   990688       32   61.88%            5      29401
 1609271   990319       17   61.90%            5      29392
 1624201   990585       18   62.12%            5      29426
 1616043   988077      132   62.06%            5      29415
 1613715   989641       36   61.99%            5      29416
 1603322   987440       70   61.89%            5      29396
 1615897   988234       62   62.05%            5      29413
 1690603   990600        7   63.05%            5      29433
 1718935   989525       18   63.47%            5      29399
 1711301   990143       23   63.35%            5      29410
 1703579   990437       40   63.24%            5      29422
 1694497   987914       63   63.17%            5      29396
 1716202   988623       57   63.45%            5      29403
 1701499   989164       35   63.24%            5      29394
 1691569   988630       89   63.11%            5      29386
 1722804   988401       79   63.54%            5      29411
 1699573   989304       35   63.21%            5      29427
 1688010   986902       67   63.11%            5      29418
 1710477   990650        9   63.32%            5      29403
 1697162   989056       88   63.18%            5      29387
 1689571   989794       39   63.06%            5      29427
 1709479   990506       18   63.31%            5      29439
 1705165   989148       64   63.29%            5      29402
 1703016   987606       66   63.29%            5      29426
 1714174   989065       10   63.41%            5      29412
 1714391   990020       14   63.39%            5      29422
 1723674   988852       46   63.54%            5      29428
 1701783   990436       16   63.21%            5      29411
 1685654   990831       58   62.98%            5      29405
 1684573   986385      116   63.07%            5      29422
 1693919   989786       25   63.12%            5      29402
 1703650   989752       17   63.25%            5      29413
 1721556   990825        6   63.47%            5      29427
 1695850   990210       17   63.14%            5      29403
 1696879   989568       28   63.16%            6      29412
 1709577   987351       56   63.39%            6      29395
 1694121   990006       18   63.12%            6      29408
 1708148   989717       87   63.31%            6      29389
 1701476   989854       44   63.22%            6      29406
 1703233   990725        7   63.22%            6      29419
 1714592   989257       57   63.41%            6      29406
 1698212   987831       68   63.22%            6      29414
 1696412   989383       19   63.16%            6      29394
 1704781   990541       18   63.25%            6      29400
 1700295   990186       19   63.20%            6      29418
 1703481   990565       17   63.23%            6      29432
 1714090   988380       60   63.43%            6      29429
 1695506   989428      149   63.15%            6      29432
 1695838   990267       17   63.13%            6      29391
 1712602   988717       46   63.40%            6      29411
 1698306   990169       26   63.17%            6      29423
 1707097   989953       20   63.29%            6      29412
 1706606   989845        9   63.29%            6      29416
 1709773   987262       73   63.39%            6      29414
 1682972   990073       10   62.96%            6      29397
 1714450   988971       18   63.42%            6      29404
 1718611   988771       40   63.48%            6      29410
 1695719   989879       85   63.14%            6      29391
 1724888   989868       45   63.54%            6      29415
 1659955   984529      208   62.77%            6      29433
 1712188   981206       17   63.57%            6      29417
 1707215   988458       21   63.33%            6      29400
 1702578   984039       78   63.37%            6      29424
 1705486   989505      102   63.28%            6      29410
 1714852   990099       17   63.40%            6      29422
 1700866   985529       92   63.31%            6      29414
 1703961   990004       20   63.25%            6      29412
 1677858   990884       94   62.87%            6      29425
 1722881   989025       50   63.53%            6      29404
 1728274   990194       19   63.58%            6      29422
 1713694   988811       57   63.41%            6      29384
 1726103   986554       80   63.63%            6      29411
 1706843   990122       19   63.29%            7      29394
 1679628   989923      122   62.92%            7      29419
 1713235   989377       52   63.39%            7      29427
 1713556   990088       26   63.38%            7      29421
 1678481   989605       89   62.91%            7      29397
 1718924   985640      112   63.56%            7      29420
 1683492   989913       18   62.97%            7      29423
 1692025   988234      112   63.13%            7      29420
 1682063   989958       80   62.95%            7      29402
 1689799   990600       20   63.04%            7      29437
 1687252   988132      131   63.07%            7      29425
 1705716   987681       67   63.33%            7      29384
 1698312   989913       10   63.18%            7      29392
 1691787   989258       14   63.10%            7      29395
 1708603   990080       19   63.31%            7      29399
 1702043   990073       16   63.22%            7      29410
 1689926   990402       16   63.05%            7      29400
 1724928   988290       58   63.57%            7      29405
 1682690   989405       44   62.97%            7      29412
 1695992   989602      104   63.15%            7      29421
 1698165   989704       18   63.18%            7      29402
 1681090   989206       57   62.96%            7      29424
 1701810   989716       18   63.23%            7      29435
 1700789   987835       56   63.26%            7      29422
 1712546   990415       23   63.36%            7      29385
 1693771   989593       44   63.12%            7      29387
 1691754   989325      108   63.10%            7      29423
 1698815   989378       46   63.20%            7      29402
 1694195   989203       51   63.14%            7      29403
 1680622   986629      148   63.01%            7      29414
 1701842   990248       19   63.22%            7      29420
 1692768   988876       59   63.12%            7      29419
 1698833   990466       18   63.17%            7      29402
 1703974   990323       18   63.24%            7      29422
 1700915   987976       37   63.26%            7      29424
 1697189   987664       54   63.21%            7      29419
 1695695   989963       24   63.14%            7      29408
 1664649   989066      182   62.73%            8      29385
 1680094   989071      105   62.94%            8      29400
 1693688   988710       81   63.14%            8      29420
 1693602   989838       32   63.11%            8      29431
stop
