    HITS   MISSES  DIRTIES HITRATIO   BUFFERS_MB  CACHED_MB
 1451317  1046318       38   58.11%           13       4427
 1314640   991379       19   57.01%           13       8299
 1287919   988718       65   56.57%           13      12162
 1247575   989262      249   55.77%           17      16021
 1067177   986708       66   51.96%           17      19875
  274675   849240       21   24.44%           17      23193
  508245   361844       42   58.41%           17      24606
  712778   204058       26   77.74%           17      25403
  729846   141211       58   83.79%           18      25955
  873639   106237       21   89.16%           18      26370
  941786    84376       23   91.78%           18      26699
  815805    70314       18   92.06%           18      26974
  803317    59849        9   93.07%           18      27207
  895285    51732       15   94.54%           18      27410
  909063    45792       64   95.20%           18      27589
  859239    40995       16   95.45%           18      27750
  744052    36629       58   95.31%           18      27892
  709387    33180       16   95.53%           18      28023
  781632    31063       16   96.18%           18      28143
  896511    27971       62   96.97%           18      28251
  850617    26611       65   96.97%           18      28356
  782052    24272       17   96.99%           18      28450
  822667    22908       18   97.29%           18      28540
  907030    21423       18   97.69%           18      28622
  825053    20240       18   97.61%           18      28702
  794389    19164       18   97.64%           18      28776
  906434    18060       59   98.05%           18      28847
  830978    17159       18   97.98%           18      28914
  887687    16434       18   98.18%           18      28978
  872297    15603       18   98.24%           18      29040
  847141    14705       18   98.29%           18      29097
  795092    14307       18   98.23%           18      29153
  858602    13674       56   98.43%           18      29206
  808568    13072       19   98.41%           18      29257
  949858    12536       37   98.70%           18      29307
  850783    12070       18   98.60%           18      29354
  890104    21303       18   97.66%            8      29349
  793633   107003       18   88.12%            8      29363
  655015   178338       60   78.60%            8      29402
  731401   253136       17   74.29%            8      29381
  572240   309674       17   64.89%            8      29378
  565852   378200       18   59.94%            8      29383
  402417   430987        9   48.29%            8      29377
  510374   450612       14   53.11%            8      29376
  412675   468025       59   46.86%            8      29392
  414192   488330       20   45.89%            9      29384
  389893   467360       34   45.48%            9      29375
  390386   441984       17   46.90%            9      29383
  506009   375600       18   57.40%            9      29394
  542731   320300       17   62.89%            9      29383
  712818   257986       57   73.43%            9      29380
  657856   214467       16   75.41%            9      29360
  628335   177762       16   77.95%            9      29398
  611523   152590       17   80.03%            9      29388
  751912   133134       18   84.96%            9      29403
  736145   118637       18   86.12%            9      29362
  716389   106938       59   87.01%            9      29375
  747230    96672       19   88.54%            9      29399
  831240    88899       89   90.34%            9      29393
  868891    82047       19   91.37%            9      29360
  893805    75575       18   92.20%            9      29402
  767660    70967       19   91.54%            9      29376
  844700    66388       62   92.71%            9      29382
  817477    60878       17   93.07%            9      29368
  715121    57764       34   92.53%           10      29392
  695295    54800       22   92.69%           10      29404
  760850    51851       18   93.62%           10      29354
  972770    49051       17   95.20%           10      29394
  749826    46688       54   94.14%           10      29374
  786950    44173       96   94.69%           10      29395
  833316    42592       20   95.14%           10      29359
  847671    40690       19   95.42%           10      29367
  787170    38921       11   95.29%           10      29368
  860602    36706       15   95.91%           10      29359
  810276    35255       58   95.83%           10      29396
  740541    59236       20   92.59%           10      29376
  802329   181786       15   81.53%           10      29378
  588191   278236       16   67.89%           10      29404
  435990   346398       16   55.73%           10      29395
  398050   433139       17   47.89%           10      29379
  367566   468888       55   43.94%           10      29382
  421731   487065       17   46.41%           10      29394
  256280   494700       18   34.13%           10      29377
  304878   495446       18   38.09%           10      29383
  432004   468653       18   47.97%           10      29393
  440630   428167       19   50.72%           10      29385
  424626   371910       60   53.31%           10      29391
  671296   301920       19   68.98%           10      29358
  623237   252206       21   71.19%           10      29383
  633963   202713       18   75.77%           10      29367
  652924   171097       17   79.24%           10      29379
  749500   145325       18   83.76%           10      29392
  726052   128832       57   84.93%           10      29390
  752916   114335       18   86.82%           10      29382
  874458   104094       80   89.36%           11      29384
  709492    93291       20   88.38%           11      29395
  843051    85051       19   90.84%           11      29374
  724855    79603       18   90.10%           11      29381
  702222    73453       57   90.53%           11      29365
  814731    68876       20   92.21%           11      29382
  873664    64526       20   93.12%           11      29381
  779076    60364       18   92.81%           11      29364
  921024    56854        9   94.19%           11      29385
  920589    53761       14   94.48%           11      29393
  859519    50631       57   94.44%           11      29366
  888083    48502       17   94.82%           11      29354
  868990    46215       17   94.95%           11      29382
  734115    44219       16   94.32%           11      29353
  779952    42344       17   94.85%           11      29367
  913142    40280       18   95.78%           11      29373
  780357    38781       60   95.27%           11      29372
  828961    39878       17   95.41%           11      29378
  902923   104347      122   89.64%           11      29380
  860155   185611       16   82.25%           11      29396
  690839   253428       17   73.16%           11      29377
  507990   305847       20   62.42%           11      29360
  514597   366039       56   58.43%           11      29374
  452058   408930       18   52.50%           11      29387
  433834   438412       19   49.74%           11      29382
  388145   448789       19   46.38%           11      29388
  420997   458164       18   47.89%           11      29387
  432355   451323       18   48.93%           11      29388
  521909   436671       61   54.45%           11      29377
  457093   399798       17   53.34%           11      29378
  486489   345378       36   58.48%           12      29396
  528349   282599       21   65.15%           12      29389
  703249   234293       17   75.01%           12      29395
  722524   190168       17   79.16%           12      29380
  741533   165891       55   81.72%           12      29372
  825165   144144       21   85.13%           12      29380
  815667   128188       30   86.42%           12      29376
  770556   114101        9   87.10%           12      29367
  727693   103854        9   87.51%           12      29368
  792875    92792       15   89.52%           12      29376
  765159    87083       60   89.78%           12      29364
stop
