    HITS   MISSES  DIRTIES HITRATIO   BUFFERS_MB  CACHED_MB
 1758300  1043715       33   62.75%           13       4356
 1646742   990804       45   62.43%           14       8226
 1617764   991626       46   62.00%           14      12099
 1603502   990716       18   61.81%           14      15968
 1560251   989195       57   61.20%           14      19833
 1432229   990489       20   59.12%           14      23702
 1322947   989079      154   57.22%           14      27565
  836526   988789       51   45.83%            5      29561
  981983   990314       19   49.79%            5      29581
  929512   985103       58   48.55%            5      29600
  773693   986195       51   43.96%            5      29614
  408230   980055       19   29.41%            4      29596
  382172   975381       17   28.15%            4      29614
  385445   974068       17   28.35%            3      29644
  382128   971698       17   28.23%            3      29649
  377407   969037       15   28.03%            3      29615
  394156   969766       55   28.90%            3      29631
  353116   968030       16   26.73%            2      29656
  388935   970205       16   28.62%            2      29643
  383959   972019       16   28.32%            2      29654
  370102   968713       16   27.64%            2      29632
  387432   973370       16   28.47%            2      29644
  404534   971635       59   29.40%            2      29658
  370195   972912       63   27.56%            2      29634
  388162   972351       18   28.53%            2      29649
  387150   973703      144   28.45%            2      29622
  405457   975187      178   29.37%            6      29648
  398403   973889       56   29.03%            5      29632
  413309   975003       62   29.77%            5      29646
  427884   974276       19   30.52%            4      29659
  427354   975350       18   30.47%            4      29660
  434106   977640       18   30.75%            3      29653
  443202   975883       35   31.23%            3      29643
  434420   977197       47   30.77%            3      29629
  441714   975647       58   31.16%            3      29644
  447556   977943       19   31.40%            3      29624
  447279   976554       57   31.41%            3      29654
  432036   977599       68   30.65%            3      29618
  453099   978511       43   31.65%            3      29662
  435604   978682       19   30.80%            3      29650
  441502   976503       56   31.14%            3      29654
  457336   976278       52   31.90%            3      29628
  433121   976373       16   30.73%            3      29644
  445101   978748       16   31.26%            3      29627
  449968   977567       17   31.52%            3      29659
  443662   976838       17   31.23%            3      29630
  451876   976971       58   31.63%            3      29628
  452969   979132       18   31.63%            3      29625
  436117   979361       16   30.81%            3      29647
  450082   978226       18   31.51%            3      29664
  468296   977153       18   32.40%            3      29625
  450880   979719       18   31.52%            3      29625
  456342   979711       59   31.78%            3      29636
  461986   980732       18   32.02%            3      29663
  430829   976847       44   30.61%            3      29662
  446464   979224       17   31.32%            3      29637
  448453   978046       93   31.44%            3      29668
  449703   978939       55   31.48%            3      29671
  453551   975141       60   31.75%            3      29615
  476658   978208       21   32.76%            3      29641
  457642   977231       20   31.89%            3      29629
  448832   978734       24   31.44%            3      29653
  461139   980931       59   31.98%            3      29650
  466131   979009       22   32.26%            3      29638
  454176   978687      129   31.70%            3      29658
  442248   978638       70   31.12%            3      29633
  470167   980050       51   32.42%            3      29646
  449264   977638       21   31.49%            3      29657
  446692   978369       64   31.35%            3      29631
  476415   979639       17   32.72%            3      29657
  456132   978592       59   31.79%            3      29646
  467242   977073       17   32.35%            3      29646
  479514   980144       17   32.85%            3      29620
  444417   980646       17   31.19%            3      29615
  471094   979807       18   32.47%            3      29654
  474290   980075       18   32.61%            3      29653
  449901   976086       58   31.55%            3      29628
  459423   979242       19   31.93%            3      29656
  472188   979295       19   32.53%            3      29654
  453612   979350       38   31.66%            3      29645
  443632   978167       48   31.20%            3      29658
  465893   980226      134   32.22%            3      29648
  465723   978254      125   32.25%            3      29648
  472292   979195       24   32.54%            3      29617
  467061   978014       19   32.32%            3      29642
  441044   979150       18   31.06%            3      29631
  452436   979982       18   31.59%            3      29622
  461740   980798       18   32.01%            3      29647
  460245   980352      180   31.95%            3      29658
  456183   979580       57   31.77%            3      29620
  459531   978154       23   31.96%            3      29636
  432092   979282       21   30.61%            3      29647
  448350   977503       69   31.44%            3      29666
  439611   979986       67   30.97%            3      29653
  447066   977363      135   31.39%            3      29648
  429647   980763      137   30.46%            3      29659
  453570   979670       21   31.65%            3      29624
  452827   975819      114   31.70%            3      29643
  433909   976807       71   30.76%            3      29646
  454801   978472       12   31.73%            3      29655
  468951   979742      115   32.37%            3      29663
  443178   977992       47   31.18%            3      29641
  439530   979141       20   30.98%            3      29659
  468119   978381       53   32.36%            3      29662
  441122   979460       24   31.05%            3      29650
  438845   980657       38   30.92%            3      29657
  453971   980544       87   31.65%            3      29637
  440199   977793       90   31.04%            3      29629
  447424   978464       27   31.38%            3      29640
  462401   980342       18   32.05%            3      29659
  458587   977702       18   31.93%            3      29624
  453160   980405       18   31.61%            3      29650
  448829   980395       18   31.40%            3      29642
  447887   979578       61   31.38%            3      29653
  451328   978461       17   31.57%            3      29656
  459506   979439       17   31.93%            3      29639
  447223   979677       17   31.34%            3      29636
  453823   979775       17   31.66%            3      29646
  465933   978423       22   32.26%            3      29667
  467299   976401       65   32.37%            2      29649
  451283   978486       20   31.56%            2      29651
  471510   979818       20   32.49%            2      29647
  476304   978170       38   32.75%            3      29635
  466857   977190       22   32.33%            3      29652
  478803   979939       22   32.82%            3      29625
  469449   979064       68   32.41%            3      29653
  450104   978929       49   31.50%            3      29660
  470773   977361       21   32.51%            3      29640
  466324   980803       33   32.22%            3      29649
  443212   979314       49   31.16%            3      29660
  448776   978017       63   31.45%            3      29646
  474721   980077       84   32.63%            3      29641
  450539   980525       28   31.48%            3      29660
  455415   978190      223   31.77%            3      29653
  471553   980425       41   32.48%            3      29619
stop
