    HITS   MISSES  DIRTIES HITRATIO   BUFFERS_MB  CACHED_MB
 1783673  1056250       39   62.81%           14       4436
 1704464   966577       96   63.81%           14       8211
 1671498   986854       22   62.88%           14      12066
 1670680   989367       17   62.81%           14      15931
 1662433   985773       16   62.78%           14      19781
 1650689   989005       17   62.53%           14      23644
 1653381   987919       18   62.60%           14      27505
 1638747   984002       57   62.48%            4      29322
 1639827   986706       18   62.43%            4      29306
 1628428   986894       18   62.26%            4      29340
 1650010   988158       18   62.54%            4      29300
 1606494   989083       18   61.89%            4      29336
 1645593   988219       19   62.48%            4      29318
 1645465   981418       58   62.64%            4      29339
 1628057   985695       20   62.29%            4      29311
 1640200   985955       19   62.46%            4      29340
 1622831   988904       19   62.14%            4      29348
 1630642   988255       19   62.26%            4      29323
 1633339   989911       19   62.26%            4      29326
 1630553   987918       57   62.27%            4      29322
 1620743   988900       21   62.11%            4      29328
 1622842   990282       18   62.10%            4      29339
 1616680   988615       34   62.05%            4      29324
 1633376   988583       17   62.30%            4      29322
 1620057   989856       17   62.07%            4      29303
 1634891   987929       57   62.33%            5      29306
 1607488   990088       22   61.88%            5      29317
 1624956   990075       20   62.14%            5      29300
 1632107   990300       23   62.24%            5      29325
 1613555   989792       24   61.98%            5      29348
 1718669   988678       30   63.48%            5      29326
 1740110   987377       52   63.80%            5      29318
 1707094   989040       50   63.32%            5      29327
 1720223   990471       25   63.46%            5      29317
 1736112   990513       16   63.67%            5      29337
 1710924   990301       16   63.34%            5      29323
 1720128   990502       17   63.46%            5      29304
 1734015   988466       59   63.69%            5      29337
 1716569   989937       19   63.42%            5      29320
 1705459   989965      107   63.27%            5      29308
 1717410   990142       18   63.43%            5      29312
 1703418   990365       18   63.24%            5      29321
 1709099   989256       57   63.34%            5      29310
 1696191   987589       56   63.20%            5      29305
 1719147   989650       19   63.47%            5      29328
 1705231   990026       18   63.27%            5      29310
 1720787   989329       18   63.49%            5      29312
 1720956   990756       23   63.46%            5      29325
 1673311   990208       86   62.82%            5      29330
 1698363   988014       86   63.22%            5      29332
 1707924   989003       48   63.33%            5      29346
 1714011   990273       27   63.38%            5      29330
 1705606   988349       37   63.31%            5      29334
 1713750   989619       20   63.39%            5      29314
 1695700   990660       18   63.12%            5      29321
 1720036   988620       57   63.50%            5      29313
 1697490   990025       18   63.16%            5      29306
 1703379   989782       20   63.25%            5      29303
 1716538   990371       20   63.41%            5      29301
 1719210   990574       18   63.44%            5      29329
 1695181   990223        9   63.13%            5      29312
 1714075   988539       53   63.42%            5      29317
 1714720   990280       38   63.39%            6      29300
 1685297   990006       67   62.99%            6      29325
 1665501   989571       89   62.73%            6      29334
 1703351   989821       17   63.25%            6      29315
 1708344   989953       47   63.31%            6      29304
 1703425   987979       67   63.29%            6      29329
 1722329   989880       17   63.50%            6      29310
 1707679   990743       17   63.28%            6      29294
 1693721   990211       17   63.11%            6      29306
 1708565   990401       17   63.30%            6      29310
 1709801   990353       17   63.32%            6      29344
 1718704   987446       58   63.51%            6      29338
 1716596   988345       20   63.46%            6      29314
 1722532   989741       19   63.51%            6      29316
 1707850   989986       19   63.30%            6      29298
 1710165   989336       19   63.35%            6      29321
 1704642   990406       19   63.25%            6      29326
 1714388   988411       57   63.43%            6      29302
 1719842   990127       19   63.46%            6      29306
 1716003   990581       17   63.40%            7      29311
 1715581   988122       36   63.45%            7      29337
 1715190   990620       18   63.39%            7      29299
 1714525   990623       18   63.38%            7      29313
 1681627   988385       82   62.98%            7      29338
 1697043   990012       19   63.16%            7      29321
 1658338   991172       79   62.59%            7      29336
 1699832   987151       93   63.26%            7      29328
 1693856   990494       19   63.10%            7      29334
 1707829   990513       10   63.29%            7      29318
 1679792   988969       75   62.94%            7      29303
 1698026   990120       21   63.17%            7      29292
 1674164   989422       90   62.85%            7      29316
 1720246   988701       55   63.50%            7      29314
 1708350   989626       17   63.32%            7      29316
 1712318   990619       18   63.35%            7      29300
 1707531   986328       58   63.39%            7      29319
 1688555   990561       18   63.03%            7      29303
 1685419   990563       18   62.98%            7      29318
 1707023   989465       18   63.31%            7      29343
 1692675   989759       17   63.10%            7      29327
 1697715   990458       18   63.15%            7      29317
 1716162   988303       57   63.46%            7      29337
 1708306   986616       20   63.39%            7      29312
 1717414   990145       19   63.43%            7      29323
 1711215   990086       19   63.35%            7      29334
 1701273   990563       19   63.20%            7      29297
 1712703   990528       19   63.36%            7      29338
 1719986   987729       61   63.52%            7      29304
 1682495   990688       20   62.94%            7      29339
 1709851   989516       18   63.34%            7      29298
 1709535   988651       39   63.36%            7      29339
 1707900   986982       23   63.38%            7      29302
 1726441   990473       17   63.54%            7      29308
 1722411   988037       52   63.55%            7      29318
 1702913   989765       19   63.24%            7      29306
 1721144   989664       21   63.49%            7      29337
 1709644   989923       21   63.33%            7      29312
 1705602   990585       18   63.26%            7      29340
 1723417   989640        9   63.52%            7      29320
 1707683   988145       58   63.35%            7      29309
 1683243   990636       20   62.95%            7      29317
 1724860   990127       15   63.53%            7      29299
 1711061   990490       16   63.34%            7      29326
 1700893   988294       16   63.25%            7      29329
 1706156   989433       16   63.29%            7      29310
 1726264   986991       52   63.62%            7      29330
 1688647   990218       42   63.04%            7      29327
 1670923   990360       73   62.79%            7      29318
 1720803   983269      163   63.64%           11      29326
 1684302   985869       50   63.08%           11      29299
 1661384   988869       27   62.69%           11      29327
 1691369   979314       59   63.33%           11      29310
 1684473   987807       18   63.04%           11      29291
stop
