    HITS   MISSES  DIRTIES HITRATIO   BUFFERS_MB  CACHED_MB
 1761178  1043884       31   62.79%           14       4352
 1664129   990497       19   62.69%           14       8221
 1674385   990509       44   62.83%           14      12090
 1636222   991908       35   62.26%           15      15964
 1627552   990441       79   62.17%           15      19832
 1609093   988940      118   61.94%           15      23695
 1582971   990769       19   61.50%           15      27566
 1561049   990038       19   61.19%           15      29578
 1547053   990435       28   60.97%           15      29555
 1565663   989685       54   61.27%            5      29564
 1564782   990240        8   61.24%            5      29579
 1546493   989107       87   60.99%            5      29583
 1555211   988777       14   61.13%            5      29574
 1574797   989102       18   61.42%            5      29601
 1555981   989320       14   61.13%            5      29579
 1546740   988882       14   61.00%            5      29603
 1559779   990236       15   61.17%            5      29610
 1551911   990113       51   61.05%            5      29597
 1549023   990155       16   61.00%            5      29592
 1559648   990029       74   61.17%            5      29602
 1554162   988905       50   61.11%            5      29600
 1555191   989868       16   61.11%            4      29621
 1560797   989771       45   61.19%            4      29586
 1570305   989426       65   61.35%            4      29597
 1570971   990050       17   61.34%            5      29606
 1577052   990054       16   61.43%            5      29619
 1572274   990145       16   61.36%            5      29598
 1566169   990094       58   61.27%            4      29627
 1558321   989929      169   61.15%            4      29588
 1620180   987721       84   62.13%            4      29627
 1648084   989889       57   62.48%            4      29593
 1661058   990128       18   62.65%            4      29618
 1660377   989924       37   62.65%            4      29609
 1652608   990295       57   62.53%            4      29636
 1656551   990078       17   62.59%            4      29623
 1632439   989218      221   62.27%            5      29615
 1559442   989978       57   61.17%            5      29600
 1501966   989688       18   60.28%            5      29624
 1495382   992133       70   60.12%            8      29615
 1491401   990462       31   60.09%            8      29622
 1482429   991310        8   59.93%            8      29611
 1486850   990852       49   60.01%            8      29625
 1484180   991407       13   59.95%            8      29641
 1430369   989763       17   59.10%            8      29633
 1324437   990025       13   57.22%            8      29623
 1279976   990034       13   56.39%            8      29645
 1183288   989270       14   54.47%            8      29625
 1186050   989759       52   54.51%            8      29634
 1131213   990143       21   53.32%            8      29642
 1036766   988716       34   51.19%            8      29621
 1083009   985694       14   52.35%            8      29636
 1101629   980950      138   52.90%            7      29645
 1048483   986074      113   51.53%            7      29630
 1125959   980454       81   53.45%            7      29615
 1083256   990163       46   52.24%            7      29624
 1076979   989845       25   52.11%            7      29620
 1086540   990489       18   52.31%            7      29600
 1088778   990519       17   52.36%            6      29625
 1085780   990118       17   52.30%            6      29645
 1094787   987683       59   52.57%            6      29595
 1091172   990587       20   52.42%            6      29620
 1081377   990568       19   52.19%            6      29615
 1089933   990154       34   52.40%            6      29637
 1097597   990871       18   52.56%            6      29632
 1072641   990465       18   51.99%            6      29625
 1034256   989262       58   51.11%            6      29601
  998597   989318       20   50.23%            6      29628
 1024145   987574       19   50.91%            6      29644
 1098132   990344       21   52.58%            6      29610
 1098337   990519       24   52.58%            6      29631
 1087067   990535       12   52.32%            5      29645
 1099770   989379       50   52.64%            5      29643
 1107233   988980       14   52.82%            5      29592
 1095293   990395       28   52.51%            5      29634
 1025203   989530      103   50.89%            5      29601
 1020632   988717      132   50.79%            5      29615
  953432   989531       44   49.07%            5      29625
 1024183   986512       62   50.94%            5      29646
 1047969   988858       20   51.45%            5      29633
 1018452   988259       16   50.75%            5      29637
  994051   988581       16   50.14%            5      29647
 1007891   988058       16   50.50%            5      29642
 1035034   983478       16   51.28%            5      29647
  968905   986374       57   49.55%            5      29650
  991748   984243       17   50.19%            5      29635
  981316   984436       17   49.92%            5      29604
 1104937   988430       19   52.78%            5      29618
 1129182   990559       18   53.27%            5      29641
 1120594   990630       18   53.08%            5      29636
 1114420   989651       60   52.96%            5      29621
 1127238   990264       19   53.23%            5      29625
 1088760   990184       20   52.37%            5      29610
 1054263   989615       35   51.58%            5      29631
 1061815   990992       17   51.73%            5      29598
  991993   988349       17   50.09%            5      29648
 1041634   981864       83   51.48%            5      29637
 1046864   982807       19   51.58%            5      29606
 1044033   982549       18   51.52%            5      29605
 1022428   983894       56   50.96%            5      29642
  962249   987227       19   49.36%            5      29632
  971093   987353       76   49.58%            6      29635
  950803   986010      103   49.09%            6      29628
  975419   982839       13   49.81%            6      29625
  981892   986657       47   49.88%            6      29593
 1012691   988671       21   50.60%            6      29644
 1021563   983209       14   50.96%            6      29617
  998803   981536       14   50.44%            5      29627
 1042096   981342       53   51.50%            5      29609
  940742   984668       15   48.86%            5      29622
 1032295   985463       15   51.16%            5      29649
  955025   986452       15   49.19%            5      29640
  932664   982811       15   48.69%            5      29633
  940622   984273       15   48.87%            5      29634
  977517   983872       52   49.84%            5      29603
 1068670   986786       16   51.99%            5      29593
 1105855   990601       16   52.75%            5      29637
 1111726   990736       18   52.88%            5      29641
 1084145   990338       17   52.26%            5      29593
 1111557   990575       17   52.88%            5      29616
 1124667   987996       57   53.23%            5      29645
 1102502   990659       18   52.67%            5      29643
 1108729   990416       19   52.82%            5      29627
 1123563   989866       34   53.16%            5      29627
 1102979   991009       18   52.67%            5      29594
 1108766   990682       18   52.81%            5      29621
 1109181   989893       57   52.84%            5      29621
 1110453   990499       20   52.85%            5      29637
 1107664   990306       19   52.80%            5      29635
 1086026   990218       19   52.31%            5      29627
 1048980   985666       23   51.56%            5      29631
  947840   988672       12   48.95%            5      29646
 1013492   987172       51   50.66%            5      29640
 1105647   989388       14   52.77%            5      29620
 1100605   990740       18   52.63%            5      29641
 1103571   990796       14   52.69%            5      29645
stop
