    HITS   MISSES  DIRTIES HITRATIO   BUFFERS_MB  CACHED_MB
 1772424  1043623       22   62.94%           14       4376
 1683083   990224       21   62.96%           14       8244
 1673320   988357       84   62.87%           14      12105
 1664559   990433       21   62.70%           14      15973
 1667497   989363      108   62.76%           14      19838
 1650508   989354      115   62.52%           17      23699
 1625522   988929       22   62.17%           17      27562
 1631687   988574       14   62.27%           17      29343
 1646337   980206       85   62.68%           17      29355
 1619754   986093       68   62.16%           17      29351
 1629667   990385       73   62.20%           17      29377
 1598549   989543       47   61.77%            7      29375
 1609695   990792       27   61.90%            7      29365
 1618065   987605      107   62.10%            7      29373
 1616620   986158       56   62.11%            7      29352
 1619822   986904       18   62.14%            7      29370
 1604971   986060       83   61.94%            7      29354
 1611211   986863       85   62.02%            7      29388
 1626193   987589       45   62.22%            7      29366
 1621702   987175       57   62.16%            7      29382
 1622957   987575       60   62.17%            7      29395
 1604552   990085       19   61.84%            7      29370
 1616363   989657       19   62.02%            7      29381
 1611132   989515       20   61.95%            7      29389
 1627661   988873       20   62.21%            7      29370
 1614667   989349       18   62.01%            7      29375
 1595195   987403       57   61.77%            7      29340
 1602546   989775       18   61.82%            7      29395
 1622786   989180       20   62.13%            7      29385
 1677759   989119       36   62.91%            7      29383
 1701277   990380       45   63.21%            7      29379
 1684676   989442       79   63.00%            8      29400
 1735172   986662       88   63.75%            8      29396
 1705565   988484       59   63.31%            8      29396
 1717222   989094       22   63.45%            8      29386
 1719902   989488       22   63.48%            8      29402
 1699141   989926       22   63.19%            8      29404
 1704889   989285       13   63.28%            8      29414
 1710855   987257       47   63.41%            8      29354
 1709876   990228       15   63.33%            8      29396
 1699247   990392       27   63.18%            8      29391
 1716727   990238       35   63.42%            8      29411
 1697366   990471       43   63.15%            8      29405
 1706188   989204       46   63.30%            8      29392
 1716258   987283       72   63.48%            8      29390
 1732298   988015       17   63.68%            8      29417
 1714935   989494       17   63.41%            8      29418
 1665524   990058      158   62.72%            8      29407
 1721410   988673       43   63.52%            8      29393
 1694408   989665       19   63.13%            8      29380
 1722817   986504       96   63.59%            8      29414
 1721263   990242       18   63.48%            8      29411
 1700955   989959       19   63.21%            8      29397
 1721030   990345       20   63.47%            8      29389
 1725045   990363       20   63.53%            8      29389
 1702034   990068       18   63.22%            8      29396
 1711049   987769       60   63.40%            8      29406
 1718593   990316       17   63.44%            8      29419
 1702143   988279       18   63.27%            8      29420
 1734519   988444       36   63.70%            8      29421
 1717770   990127       21   63.44%            8      29414
 1714125   990029       21   63.39%            8      29403
 1717484   987266       63   63.50%            8      29414
 1715667   989735       21   63.42%            8      29417
 1714639   990472       21   63.39%            8      29403
 1685713   990387       22   62.99%            8      29404
 1723244   989971       26   63.51%            8      29407
 1686821   990558       13   63.00%            8      29417
 1710349   988126       51   63.38%            8      29411
 1723415   991168       16   63.49%            9      29406
 1702617   989156       81   63.25%            9      29416
 1667198   990768       46   62.72%            9      29407
 1714078   988744       43   63.42%            9      29407
 1717254   989242       47   63.45%            9      29392
 1694518   987203       65   63.19%            9      29416
 1726024   989922       17   63.55%            9      29367
 1708379   990398       23   63.30%            9      29424
 1707408   990500       40   63.29%            9      29395
 1719076   990478       18   63.44%            9      29408
 1703279   989600       48   63.25%            9      29421
 1695186   986992      155   63.20%           10      29418
 1693825   990413       18   63.10%           10      29422
 1725822   989940       19   63.55%           10      29394
 1710356   988462      115   63.37%           10      29416
 1686109   990391       27   63.00%           10      29396
 1669041   990334       18   62.76%            9      29407
 1702577   987993      166   63.28%           10      29417
 1664379   988711      103   62.73%            9      29424
 1679414   990178       85   62.91%            9      29422
 1656284   988060       73   62.63%            9      29411
 1656399   989763       22   62.60%            9      29415
 1650974   989255      131   62.53%            9      29419
 1668410   987945      136   62.81%            9      29402
 1644038   989516       55   62.43%            9      29396
 1671787   990427       28   62.80%            8      29410
 1643820   990466       47   62.40%            8      29412
 1649513   989615       22   62.50%            8      29416
 1658035   989696       13   62.62%            8      29423
 1668478   987001       83   62.83%            8      29420
 1655827   990437       23   62.57%            8      29420
 1645019   989957       96   62.43%            8      29397
 1654525   990729       16   62.55%            8      29395
 1651659   989923       18   62.53%            8      29408
 1660325   987573       68   62.70%            8      29394
 1674941   987756       86   62.90%            8      29395
 1639493   990723        6   62.33%            8      29411
 1662718   990547       18   62.67%            8      29420
 1660273   988827       47   62.67%            8      29408
 1641601   989940       28   62.38%            8      29398
 1649746   989599      102   62.51%            8      29407
 1675326   987872       57   62.91%            8      29388
 1651903   990057       19   62.53%            8      29415
 1665927   989386       48   62.74%            8      29406
 1662548   989458       30   62.69%            8      29395
 1656937   990399       60   62.59%            8      29423
 1639095   988152       70   62.39%            8      29403
 1664711   986087       95   62.80%            8      29409
 1652995   989327       47   62.56%            8      29398
 1657364   989124      195   62.63%            8      29417
 1659840   987593       39   62.70%            8      29409
 1674563   989701       57   62.85%            8      29408
 1663826   987331       51   62.76%            9      29397
 1684317   987819       70   63.03%            9      29397
 1669006   989937       44   62.77%            9      29407
 1678866   990109       82   62.90%            9      29411
 1675410   990425       44   62.85%            9      29413
 1697724   988210       74   63.21%            9      29393
 1661967   990855        4   62.65%            9      29409
 1680024   987420       62   62.98%            9      29397
 1680482   991171        5   62.90%            9      29406
 1687170   989316       21   63.04%            9      29402
 1664960   990559       17   62.70%            9      29412
 1658870   990378       16   62.62%            9      29366
 1685823   990393       18   62.99%            9      29422
 1670978   987378       70   62.86%            9      29386
stop
