    HITS   MISSES  DIRTIES HITRATIO   BUFFERS_MB  CACHED_MB
 1763345  1051250       23   62.65%           14       4397
 1652738   990504      106   62.53%           14       8267
 1624384   989512       61   62.14%           17      12128
 1583257   987462       59   61.59%           17      15985
 1524080   990217       16   60.62%           17      19853
 1466228   989155       16   59.71%           17      23717
 1297211   990035       17   56.71%           17      27585
  991747   990099       17   50.04%            7      29498
 1213432   990523       17   55.06%            7      29490
 1274442   989420       52   56.30%            7      29484
 1305026   989508       21   56.88%            7      29477
 1319540   989108       18   57.16%            7      29469
 1302904   990549       19   56.81%            7      29482
 1283747   990560       19   56.45%            7      29472
 1221035   990379       19   55.22%            7      29491
 1212879   989783       60   55.06%            7      29507
 1271345   989862       18   56.22%            7      29488
 1279438   990509       18   56.36%            7      29479
 1278451   990185       18   56.35%            7      29462
 1296747   990261       19   56.70%            8      29473
 1287160   990006       17   56.52%            8      29490
 1221615   987456       54   55.30%            8      29468
 1225288   987923       35   55.36%            8      29491
 1267038   988699       17   56.17%            8      29469
 1263420   990145       17   56.06%            8      29465
 1270094   990186       17   56.19%            8      29483
 1280520   988290       78   56.44%            8      29500
 1270196   987185       62   56.27%            8      29471
 1248434   988569       57   55.81%            8      29504
 1234467   989232       44   55.51%            8      29475
 1295269   989736       11   56.69%            8      29470
 1332696   989198       14   57.40%            8      29483
 1316881   989132      110   57.11%            8      29498
 1347837   987364       90   57.72%            8      29482
 1355072   989082       16   57.81%            8      29497
 1360056   988827       45   57.90%            8      29503
 1323269   989320       32   57.22%            8      29496
 1335382   988595       36   57.46%            8      29507
 1342302   989693       17   57.56%            8      29495
 1332555   987685       58   57.43%            8      29503
 1336499   986213      119   57.54%            9      29477
 1344444   989944       47   57.59%            9      29494
 1350088   989609       18   57.70%            9      29481
 1317530   987895       18   57.15%            9      29498
 1339461   987641       46   57.56%            9      29506
 1337248   987011       56   57.53%            9      29505
 1333863   988164       18   57.44%            9      29486
 1349234   989278       18   57.70%            9      29500
 1356931   989366       18   57.83%            9      29494
 1333185   989169       57   57.41%            9      29479
 1331667   990080       19   57.36%            9      29475
 1350042   988208       57   57.74%            9      29500
 1322156   986768       72   57.26%            9      29511
 1329486   989644       18   57.33%            9      29499
 1350828   989543       18   57.72%            9      29507
 1338317   990293       18   57.47%            9      29468
 1343164   988378       81   57.61%            9      29493
 1335475   986382      179   57.52%            9      29468
 1343233   988771       20   57.60%            9      29473
 1331785   988491       47   57.40%            9      29506
 1362316   989565       18   57.92%            9      29471
 1340516   989637       41   57.53%            9      29480
 1339520   990086       20   57.50%            9      29469
 1361996   988283       55   57.95%            9      29486
 1337055   988832       46   57.49%            9      29478
 1328829   989496       31   57.32%            9      29479
 1328321   988363      209   57.34%            9      29490
 1341872   989786       18   57.55%            9      29484
 1338036   988824       46   57.50%            9      29497
 1358352   987193       65   57.91%            9      29490
 1356332   989207       18   57.83%            9      29474
 1352324   989766       17   57.74%            9      29513
 1362682   990086       17   57.92%            9      29473
 1335886   989552       18   57.45%            9      29460
 1344289   989443       18   57.60%            9      29496
 1349127   987888       61   57.73%            9      29492
 1362831   989099       20   57.95%            9      29484
 1337401   989921       45   57.47%            9      29500
 1326540   987570       90   57.32%            9      29508
 1361696   990131       18   57.90%            9      29498
 1338027   989081       48   57.50%            9      29482
 1358167   987852       62   57.89%            9      29463
 1362599   987887       35   57.97%            9      29472
 1348818   989624       17   57.68%            9      29462
 1353591   988901       17   57.78%            9      29486
 1357324   989366       17   57.84%            9      29473
 1343333   989359       43   57.59%            9      29473
 1334729   987181      119   57.48%            9      29508
 1356880   988715       51   57.85%            9      29491
 1344017   987814       44   57.64%            9      29479
 1356701   988881       20   57.84%           10      29476
 1353609   989437       36   57.77%           10      29471
 1354468   988296       26   57.81%           10      29502
 1344288   986122       79   57.68%           10      29476
 1352302   988891      108   57.76%           10      29482
 1359231   988316       46   57.90%           10      29463
 1345375   989309       24   57.63%           10      29471
 1358597   988863       17   57.88%           10      29498
 1344747   989396       17   57.61%           10      29477
 1347629   987973       57   57.70%           10      29487
 1355526   988735       19   57.82%           10      29463
 1351056   989901       18   57.71%           10      29481
 1332039   989955       28   57.37%           11      29483
 1320977   987823      201   57.21%           11      29507
 1360711   989595       21   57.90%           11      29472
 1338470   986300       88   57.57%           11      29481
 1331435   988175       82   57.40%           11      29485
 1351830   990010       20   57.73%           11      29473
 1344615   990164       18   57.59%           11      29492
 1359073   989786       22   57.86%           11      29479
 1352738   987265       19   57.81%           11      29457
 1354658   987357       58   57.84%           11      29464
 1345816   987380       35   57.68%           11      29493
 1359304   989106       17   57.88%           11      29471
 1334266   987503       17   57.47%           11      29478
 1355078   988806       17   57.81%           11      29483
 1355360   988434       87   57.83%           11      29496
 1360432   979388       55   58.14%           11      29478
 1331882   989643       21   57.37%           11      29480
 1344205   989464       18   57.60%           11      29487
 1321402   989579        9   57.18%           11      29468
 1326006   989738       14   57.26%           11      29499
 1344312   989295       20   57.61%           11      29462
 1333430   985721       56   57.50%           11      29464
 1337525   989793       16   57.47%           11      29501
 1339791   989638       16   57.52%           11      29482
 1334102   989582       54   57.41%           11      29489
 1325323   989733       17   57.25%           11      29477
 1326267   988389       76   57.30%           11      29467
 1334594   986078      118   57.51%           11      29498
 1316504   988758       18   57.11%           11      29503
 1333022   989649       17   57.39%           11      29491
 1331630   989493      110   57.37%           11      29484
 1325062   989745       18   57.24%           11      29494
 1335879   989190       18   57.46%           11      29471
stop
