    HITS   MISSES  DIRTIES HITRATIO   BUFFERS_MB  CACHED_MB
 1643967  1046836       22   61.10%           14       4412
 1448746   989491       34   59.42%           14       8276
 1453323   985908       22   59.58%           15      12127
 1462907   991804       18   59.60%           15      16002
 1460878   989341       56   59.62%           15      19865
 1430857   991767       21   59.06%           15      23740
 1394733   990909       21   58.46%           15      27610
 1430694   991943       21   59.06%            4      29251
 1392309   991971       21   58.40%            4      29241
 1403909   991133       43   58.62%            5      29242
 1443024   987945       51   59.36%            5      29230
 1392132   989444       14   58.45%            5      29266
 1415469   990387       47   58.83%            5      29242
 1443600   991106       38   59.29%            6      29258
 1377265   987904       16   58.23%            6      29254
 1378964   992216       20   58.16%            6      29245
 1427221   988049       78   59.09%            6      29249
 1371976   991725       19   58.04%            6      29228
 1370537   990838       17   58.04%            6      29263
 1446070   990698       18   59.34%            6      29262
 1388564   985523       17   58.49%            6      29234
 1394074   990818       18   58.45%            6      29255
 1455015   988575       61   59.54%            6      29259
 1384228   991683       18   58.26%            6      29220
 1386806   990649       18   58.33%            6      29233
 1417036   990707       18   58.85%            6      29225
 1392977   990802       17   58.44%            6      29239
 1385002   990564       18   58.30%            7      29252
 1428063   987534       58   59.12%            7      29252
 1450891   991273       20   59.41%            7      29246
 1539487   990564       20   60.85%            7      29253
 1532986   990457       36   60.75%            7      29264
 1579213   989020       20   61.49%            7      29236
 1553985   991289       20   61.05%            7      29252
 1575465   988271       61   61.45%            7      29270
 1570938   991680       19   61.30%            7      29259
 1545433   991553       20   60.92%            7      29224
 1572667   991499       20   61.33%            7      29241
 1609436   988453       20   61.95%            7      29240
 1549136   987332       13   61.07%            7      29254
 1581464   988544       50   61.54%            7      29259
 1611026   991754       15   61.90%            7      29241
 1528480   991074       20   60.66%            7      29249
 1563616   991268       16   61.20%            7      29258
 1614091   991253       17   61.95%            7      29251
 1527659   991208       18   60.65%            7      29229
 1583537   988708       60   61.56%            7      29240
 1640600   991456       18   62.33%            7      29260
 1512260   989601       17   60.45%            7      29247
 1550110   990321       16   61.02%            7      29245
 1602576   989405       17   61.83%            7      29247
 1514775   986575       16   60.56%            7      29244
 1554397   988605       58   61.12%            7      29250
 1546837   991763       19   60.93%            7      29238
 1511006   989345       19   60.43%            7      29219
 1541820   991666       19   60.86%            7      29235
 1594232   991165       19   61.66%            7      29250
 1557653   990497       18   61.13%            7      29234
 1554583   989323       61   61.11%            7      29239
 1593724   990040       20   61.68%            7      29245
 1566512   990082       19   61.27%            7      29250
 1563591   988911       41   61.26%            7      29249
 1585724   991796       19   61.52%            7      29261
 1577380   991245       19   61.41%            7      29247
 1567632   987850       59   61.34%            7      29248
 1577130   988901       21   61.46%            7      29248
 1585173   990200       19   61.55%            7      29238
 1548012   991667       21   60.95%            7      29226
 1549686   991788       21   60.98%            7      29237
 1598660   991803       13   61.71%            7      29255
 1537161   989067       52   60.85%            7      29255
 1582367   988748       14   61.54%            7      29239
 1602936   991679       19   61.78%            7      29249
 1522870   991493       15   60.57%            7      29237
 1582491   991735       16   61.47%            7      29241
 1625591   989736       16   62.16%            7      29264
 1530090   978105       55   61.00%            7      29258
 1559658   991744       19   61.13%            7      29219
 1577548   991262       18   61.41%            7      29226
 1528403   990651      114   60.67%           11      29256
 1544288   990968       38   60.91%           11      29249
 1600253   991862       17   61.74%           11      29238
 1490724   986573       63   60.18%           11      29250
 1497994   990344       19   60.20%           11      29233
 1606581   990889       18   61.85%           11      29234
 1515719   991973       18   60.44%           11      29216
 1535338   991296       18   60.77%           11      29219
 1568227   992074       18   61.25%           11      29252
 1499815   990295       56   60.23%           11      29257
 1512092   990344       20   60.42%           11      29234
 1497623   987473       20   60.26%           11      29235
 1510170   989011       36   60.43%           11      29240
 1526304   990818       19   60.64%           11      29226
 1549963   991660       19   60.98%           11      29258
 1565755   984432       60   61.40%           11      29247
 1519121   989657       20   60.55%           11      29241
 1550917   991585       18   61.00%           11      29236
 1574928   991185       20   61.37%           11      29244
 1508019   986705       20   60.45%           11      29235
 1506735   989319       13   60.36%           11      29244
 1549626   988210       51   61.06%           11      29220
 1502915   989746       15   60.29%           11      29249
 1455474   990294       20   59.51%           11      29261
 1495820   986051       70   60.27%           11      29236
 1454991   986946       42   59.58%           11      29235
 1478574   990650       83   59.88%           11      29241
 1554269   987791      100   61.14%           11      29235
 1480346   988840       39   59.95%           11      29220
 1530514   991480       17   60.69%           11      29258
 1594505   989759       43   61.70%           11      29218
 1484937   991227       25   59.97%           11      29248
 1538158   991544       18   60.80%           11      29235
 1624080   988436       58   62.17%           11      29263
 1532133   991193       19   60.72%           11      29234
 1538415   991259       18   60.81%           11      29214
 1612268   991043       19   61.93%           12      29244
 1540816   991674       19   60.84%           12      29240
 1537840   991713       19   60.79%           12      29220
 1598467   986971       62   61.83%           12      29249
 1554365   990452       20   61.08%           12      29226
 1556111   991338       19   61.09%           12      29234
 1570885   989867       38   61.34%           12      29244
 1532298   989428       19   60.76%           12      29224
 1543343   991171       18   60.89%           12      29240
 1580726   988567       55   61.52%           12      29238
 1595389   986443       20   61.79%           12      29255
 1530877   989776       21   60.73%           12      29230
 1571220   987858       21   61.40%           12      29254
 1590797   985919       22   61.74%           12      29220
 1525988   987866       13   60.70%           12      29223
 1569950   988434       52   61.36%           12      29242
 1591836   990395       14   61.65%           12      29225
 1515978   991425       19   60.46%           12      29236
 1564025   991093       16   61.21%           12      29229
 1612344   991744       16   61.92%           12      29225
stop
