    HITS   MISSES  DIRTIES HITRATIO   BUFFERS_MB  CACHED_MB
 1792369  1044204       22   63.19%           14       4352
 1661317   990859        6   62.64%           14       8223
 1625941   990249       15   62.15%           14      12091
 1551089   990567       15   61.03%           14      15961
 1361351   991068       89   57.87%           18      19828
  616804   871030       92   41.46%           18      23232
  646333   375900        8   63.23%           18      24700
  764813   207964       15   78.62%           18      25511
  755498   140979       15   84.27%           18      26062
  947839   106210       15   89.92%           18      26478
  765955    84441       15   90.07%           18      26807
  829681    70241       66   92.19%           18      27082
  790852    59676        9   92.98%           18      27315
  791251    51379       18   93.90%           18      27515
  866299    44987       18   95.06%           18      27690
  806781    40559       18   95.21%           18      27850
  926272    36885       51   96.17%           18      27994
  875570    33189       85   96.35%           18      28124
  854195    30765       78   96.52%           18      28244
  901407    28276       71   96.96%           18      28353
  852083    26220       18   97.01%           18      28456
  866343    24026       80   97.30%           18      28550
  864647    22914       41   97.42%           18      28640
  928049    21377       67   97.75%           18      28724
  947970    20185       32   97.92%           18      28802
  969057    18787       19   98.10%           18      28876
  967163    17904       12   98.18%           18      28946
  966198    17046       20   98.27%           18      29012
  874921    16199       12   98.18%           18      29076
  903203    15467       54   98.32%           18      29136
  832347    14863        6   98.25%           18      29194
  833477    14011       14   98.35%           18      29249
  930064    13516       14   98.57%           18      29301
  959446    12978       14   98.67%           18      29352
  839046    12538       14   98.53%           18      29401
  976633    11855       58   98.80%           18      29447
  858504    11704        7   98.66%           18      29493
  964801    11225       14   98.85%           18      29537
  838371    10662       14   98.74%           18      29578
  915104    10614       14   98.85%           18      29620
  865150    10202       14   98.83%           18      29619
 1075312     9807       60   99.10%           18      29622
  852113     9840        7   98.86%           18      29625
  934747     9957       15   98.95%           18      29631
  945613    10031       16   98.95%           18      29638
  930647     9597       18   98.98%           18      29656
  879400     9686       34   98.91%           18      29660
  860983     9506       65   98.91%           18      29659
  803072     9622        9   98.82%           18      29660
  856525     9749       16   98.87%           18      29661
  955095     9505       16   99.01%           18      29656
 1019945     9392       17   99.09%           18      29662
  986336     9578       71   99.04%           18      29659
  875976     9562       82   98.92%           18      29661
  943098     9038       31   99.05%           18      29664
  922810     9291       78   99.00%            8      29654
  789816     9170       70   98.85%            8      29636
 1018623     8904       18   99.13%            8      29664
  935884     8897       81   99.06%            8      29665
  816216     9098       76   98.90%            8      29667
 1076512     8920        7   99.18%            8      29669
  917719     9020       47   99.03%            9      29667
  967927     9794       14   99.00%            9      29660
  951372    11031       13   98.85%            9      29639
  982470    11306       13   98.86%            9      29654
  921491    11735       57   98.74%            9      29609
  941930    12479        8   98.69%            9      29658
  869606    12326       16   98.60%            9      29653
 1003700    12183       16   98.80%            9      29662
 1035349    12216       16   98.83%            9      29656
  842039    12181       16   98.57%            9      29662
  926020    12082       66   98.71%            9      29662
 1003322    11972        8   98.82%            9      29665
  953917    11768       17   98.78%            9      29669
  924956    11853       16   98.73%            9      29667
  943585    11792       16   98.77%            9      29670
  889763    11480       33   98.73%            9      29674
 1092253    11361       61   98.97%            9      29674
  986906    11266       10   98.87%            9      29675
  854251    10912       20   98.74%            9      29677
  895748    10918       18   98.80%            9      29638
 1019207    10447       18   98.99%            9      29642
 1046011     9977       20   99.06%            9      29669
  986887    10257       68   98.97%            9      29664
 1010036     9902        4   99.03%            9      29670
  847599     9918       10   98.84%            9      29672
  905193     9534       14   98.96%            9      29670
 1020590     9459       21   99.08%            9      29678
  846368     9489       13   98.89%            9      29675
  765752     9372       59   98.79%            9      29675
  966122     9234       21   99.05%            9      29678
  988744     9454       36   99.05%            9      29663
  962221     9221       15   99.05%            9      29674
  919894     9405      212   98.99%            9      29684
 1042177     9592       14   99.09%            9      29676
  961963     9959       65   98.98%            9      29677
  855180    10228        8   98.82%            9      29675
 1023190    10264       15   99.01%            9      29680
  766700    10418       15   98.66%            9      29680
  913792    10600       15   98.85%            9      29677
 1008005    10619       15   98.96%            9      29679
  955074    10652       65   98.90%            9      29682
  906209    10403        8   98.87%            9      29681
 1062412    10519       18   99.02%            9      29678
  894480    10477       30   98.84%            9      29681
  900498    10397      184   98.86%            9      29683
 1047953    10353       57   99.02%            9      29687
  985139    10283      100   98.97%            9      29687
  856245    10260       10   98.82%            9      29684
  931328    10265       17   98.91%            9      29686
 1034309    10142       17   99.03%            9      29685
  970823    10232       17   98.96%            9      29683
  965415    10079       17   98.97%            9      29687
  891950    14419       80   98.41%           10      29684
  934211    10209        8   98.92%            9      29686
  848610    10233       10   98.81%            9      29682
  873915    10060       12   98.86%            9      29679
  934202    10038       16   98.94%            9      29680
  980467    10126       12   98.98%            9      29679
  859023    10311       59   98.81%            9      29685
  807053    10453        7   98.72%            9      29682
  977012    10590       14   98.93%            8      29683
 1058465    10509       14   99.02%            8      29687
 1015578    10544       14   98.97%            8      29685
  882808    10788       14   98.79%            8      29687
  863933    10791       60   98.77%            8      29687
  886182    10756       22   98.80%            8      29681
  813634    10654      192   98.71%            8      29683
  936859    10537       31   98.89%            8      29682
  831071    10553       46   98.75%            8      29682
  832987    11400       62   98.65%            8      29683
  985981    10506       71   98.95%            8      29682
 1083096    11158       70   98.98%            8      29688
  971928    10563       31   98.92%            8      29687
  886176    10354        8   98.85%            8      29691
stop
