    HITS   MISSES  DIRTIES HITRATIO   BUFFERS_MB  CACHED_MB
 1751492  1040486       74   62.73%           14       4364
 1648723   990450       22   62.47%           14       8232
 1650359   989651       24   62.51%           14      12099
 1655312   990527       68   62.56%           17      15965
 1626428   990467       43   62.15%           17      19833
 1609139   990521        9   61.90%           17      23702
 1600031   988082       49   61.82%           17      27562
 1554721   990455       16   61.09%           17      29349
 1547511   988390       49   61.02%           17      29355
 1523485   989874       17   60.62%            8      29344
 1526556   990050       17   60.66%            8      29373
 1511039   987498       54   60.48%            8      29360
 1543608   984923       57   61.05%            8      29349
 1529303   986289       19   60.79%            8      29389
 1525594   969979       78   61.13%            8      29394
 1532913   987882       47   60.81%            8      29385
 1523360   989342       19   60.63%            8      29386
 1513590   988181       49   60.50%            8      29389
 1496308   986521      112   60.27%            8      29397
 1501841   986593       71   60.35%            8      29405
 1509760   989618       19   60.41%            8      29369
 1532420   986215       56   60.84%            8      29398
 1478134   988786       73   59.92%            8      29414
 1505074   989272       41   60.34%            8      29405
 1486011   986034      143   60.11%            8      29400
 1501320   987851       49   60.31%            8      29399
 1513429   989761       30   60.46%            8      29381
 1521160   987980       38   60.62%            8      29401
 1491315   989356       23   60.12%            8      29409
 1535471   990288       26   60.79%            8      29392
 1594836   987552       82   61.76%            8      29417
 1587621   988236       22   61.63%            8      29414
 1574650   988706       45   61.43%            8      29417
 1497506   988592      124   60.24%            8      29402
 1506150   990381       56   60.33%            8      29425
 1485430   989798        9   60.01%            8      29405
 1439267   986529       76   59.33%            8      29409
 1417675   988710       24   58.91%            8      29414
 1401619   990058       21   58.60%            8      29403
 1392694   990028       22   58.45%            8      29420
 1391306   988442       18   58.46%            8      29420
 1363314   990479       18   57.92%            8      29428
 1376731   988688       60   58.20%            8      29417
 1376270   989931       18   58.16%            8      29401
 1359450   989290       18   57.88%            8      29423
 1364500   988118       19   58.00%            8      29413
 1385261   987981       19   58.37%            8      29399
 1337272   991032       19   57.44%            8      29427
 1350877   988623       58   57.74%            8      29416
 1353770   990668       20   57.74%            8      29422
 1271128   989230       20   56.24%            8      29426
 1272330   990334       20   56.23%            8      29402
 1232332   989251       18   55.47%            8      29404
 1212640   988114       18   55.10%            8      29390
 1209288   987712       61   55.04%            8      29430
 1210823   989255       19   55.04%            8      29431
 1186669   990069       21   54.52%            8      29432
 1192879   985372       38   54.76%            8      29420
 1197421   989035       21   54.77%            8      29398
 1179140   986969       21   54.44%            8      29425
 1185459   986545       60   54.58%            8      29416
 1185158   990147       27   54.48%            8      29420
 1216397   983544       22   55.29%            8      29413
 1188701   987711       21   54.62%            8      29426
 1189969   989752       22   54.59%            8      29410
 1178251   989816       13   54.35%            8      29433
 1195734   987788       55   54.76%            8      29408
 1192347   985104       16   54.76%            8      29427
 1194576   991472       36   54.65%            8      29399
 1183201   985548       20   54.56%            8      29419
 1176792   989761       18   54.32%            8      29381
 1190178   990022       18   54.59%            8      29409
 1168038   986825       56   54.20%            8      29415
 1167370   989416       18   54.13%            8      29423
 1188923   989252       19   54.58%            7      29424
 1168957   977044       19   54.47%            6      29423
 1176411   988454       19   54.34%            6      29416
 1167434   989736       19   54.12%            6      29390
 1152968   971671       61   54.27%            6      29412
 1096431   988125       21   52.60%            5      29378
 1110190   989132       20   52.88%            5      29417
 1071728   988662       74   52.02%            5      29430
 1112527   988037       22   52.96%            4      29415
 1135220   986956       18   53.49%            4      29426
 1105222   978677       58   53.04%            4      29423
 1122894   983693       19   53.30%            4      29397
 1108480   987708       21   52.88%            4      29440
 1112213   987546       38   52.97%            4      29396
 1126968   983935       21   53.39%            4      29423
 1111925   990130       26   52.90%            4      29411
 1096871   987724       83   52.62%            4      29420
 1089842   989677       73   52.41%            5      29406
 1104655   988396       76   52.78%            5      29421
 1118334   990532       31   53.03%            5      29431
 1115265   990453       23   52.96%            5      29397
 1128700   988726       13   53.31%            5      29422
 1131283   986823       50   53.41%            5      29401
 1109675   989861       16   52.85%            5      29419
 1081219   989698       21   52.21%            5      29391
 1105197   987895       17   52.80%            5      29388
 1134432   982081       18   53.60%            5      29398
 1108344   988047       18   52.87%            4      29381
 1116814   986606      133   53.10%            5      29406
 1132387   984357       24   53.50%            5      29409
 1112172   988157       19   52.95%            5      29421
 1135481   990335       18   53.41%            5      29415
 1071872   989986       44   51.99%            5      29409
 1083705   988116       19   52.31%            5      29429
 1117266   987907      140   53.07%            4      29428
 1087731   986395       60   52.44%            4      29416
 1111131   989368       20   52.90%            4      29414
 1125097   987271       22   53.26%            5      29438
 1076192   989613       18   52.10%            4      29437
 1103153   989494       18   52.72%            4      29436
 1123977   983361       60   53.34%            4      29386
 1089950   988789       19   52.43%            4      29412
 1109038   988749       21   52.87%            4      29426
 1105962   988363       41   52.81%            5      29425
 1080551   989989       21   52.19%            5      29427
 1108714   989349       20   52.84%            4      29405
 1120106   987549       61   53.14%            5      29418
 1095969   989911       23   52.54%            5      29432
 1086257   989882       21   52.32%            5      29410
 1071368   989442       26   51.99%            5      29426
 1093873   988557       59   52.53%            5      29431
 1062215   989783       55   51.76%            5      29433
 1063727   984639      117   51.93%            5      29418
 1082937   983486      118   52.41%            5      29422
 1103825   986788       29   52.80%            5      29389
 1105921   987201       43   52.84%            5      29431
 1134388   988066       18   53.45%            5      29429
 1130708   985941       57   53.42%            5      29400
 1118397   986320       94   53.14%            5      29376
 1091150   988064       58   52.48%            5      29393
 1077691   989194       92   52.14%            5      29437
stop
