    HITS   MISSES  DIRTIES HITRATIO   BUFFERS_MB  CACHED_MB
 1790229  1044135       95   63.16%           14       4371
 1653865   990175       37   62.55%           14       8238
 1675750   987427       87   62.92%           14      12096
 1646099   989756       30   62.45%           14      15962
 1646065   990403       17   62.43%           14      19830
 1661214   990294       17   62.65%           14      23698
 1641435   990004       17   62.38%           14      27566
 1629288   989140       18   62.22%            4      29323
 1630497   988783       55   62.25%            4      29336
 1628753   990086       17   62.19%            4      29346
 1611678   990576       18   61.93%            4      29339
 1622773   989342       18   62.12%            4      29332
 1618107   988821       17   62.07%            4      29338
 1632437   989964       19   62.25%            4      29334
 1624129   987960       58   62.18%            4      29307
 1619160   988194       20   62.10%            4      29318
 1610261   989478       19   61.94%            4      29349
 1618485   990483       19   62.04%            4      29333
 1621983   988592       19   62.13%            4      29331
 1615517   990370       19   61.99%            4      29336
 1621130   987536       62   62.14%            5      29337
 1612703   988248       45   62.00%            5      29334
 1615062   990634       18   61.98%            5      29318
 1634729   988060       65   62.33%            5      29343
 1610190   990565       26   61.91%            5      29327
 1583606   989801       67   61.54%            5      29315
 1616625   987104       83   62.09%            5      29307
 1617985   989907       21   62.04%            5      29353
 1615150   987974       52   62.05%            5      29341
 1704780   990368       30   63.25%            5      29354
 1721845   990388       18   63.48%            5      29344
 1729945   990197        9   63.60%            5      29327
 1721776   988678       50   63.52%            5      29312
 1718308   989943       21   63.45%            5      29322
 1720243   990643       16   63.46%            5      29335
 1721450   990570       16   63.47%            5      29340
 1698728   989873       16   63.18%            5      29328
 1729896   989921       17   63.60%            5      29318
 1712001   988674       59   63.39%            5      29323
 1706341   988932       18   63.31%            5      29330
 1708047   990153       18   63.30%            5      29312
 1722591   990573       18   63.49%            5      29325
 1708545   990016       18   63.31%            5      29326
 1696448   990272       18   63.14%            5      29312
 1725612   988929       54   63.57%            5      29332
 1716841   990153       19   63.42%            5      29337
 1712881   990456       18   63.36%            5      29342
 1706174   990421       43   63.27%            5      29325
 1711776   990408       18   63.35%            5      29316
 1696338   990799       18   63.13%            5      29324
 1681692   987410      185   63.01%            5      29338
 1716361   989528       21   63.43%            5      29332
 1697837   990559       18   63.15%            5      29345
 1725622   988677       35   63.58%            5      29351
 1724207   989536       22   63.54%            5      29323
 1694320   989780       18   63.12%            5      29326
 1712008   988187       58   63.40%            5      29303
 1717908   990208       18   63.44%            5      29312
 1713450   990744       20   63.36%            5      29326
 1713446   990635       20   63.37%            5      29317
 1695866   990756       18   63.12%            5      29331
 1698666   990096        9   63.18%            5      29342
 1707349   988322       53   63.34%            5      29339
 1725995   989293       22   63.57%            5      29319
 1702303   990808       17   63.21%            5      29326
 1724763   989011       17   63.56%            6      29339
 1699865   990610       17   63.18%            6      29338
 1719424   990500       18   63.45%            6      29329
 1734612   988054       55   63.71%            6      29325
 1721349   990677       17   63.47%            6      29311
 1693321   990152       43   63.10%            6      29344
 1721399   990253       17   63.48%            6      29354
 1670623   989948      108   62.79%            6      29337
 1708730   990024       46   63.32%            6      29318
 1721274   988196       67   63.53%            6      29336
 1710922   988543       20   63.38%            6      29312
 1713451   990583       19   63.37%            6      29326
 1720403   990531       19   63.46%            6      29332
 1695710   989149       19   63.16%            6      29312
 1709373   990524       19   63.31%            6      29345
 1703218   988670       77   63.27%            6      29337
 1691690   988859       64   63.11%            6      29321
 1722401   989808       40   63.51%            6      29331
 1704328   987999       74   63.30%            6      29312
 1713292   988010       18   63.42%            6      29330
 1722761   989584       18   63.52%            6      29340
 1693622   988099       85   63.15%            6      29320
 1681032   990332       67   62.93%            6      29303
 1697651   989841       44   63.17%            6      29336
 1720333   990097       50   63.47%            6      29311
 1719251   989785       29   63.46%            6      29313
 1716840   990485        9   63.41%            6      29348
 1705633   988813       51   63.30%            6      29318
 1717923   990078       21   63.44%            6      29351
 1718010   989986       17   63.44%            6      29340
 1694312   989889       17   63.12%            6      29314
 1724699   990213       17   63.53%            6      29319
 1729131   989222       18   63.61%            6      29348
 1716299   986907       59   63.49%            6      29347
 1721847   990551       18   63.48%            6      29330
 1719380   990535       18   63.45%            6      29307
 1702524   990496       18   63.22%            6      29313
 1719491   990551       18   63.45%            6      29327
 1708390   989776       18   63.32%            6      29322
 1720113   988771       56   63.50%            6      29335
 1717418   988745       20   63.46%            6      29312
 1717459   990189       19   63.43%            6      29324
 1721824   990605       19   63.48%            6      29301
 1702322   989185       19   63.25%            6      29337
 1714191   989849       19   63.39%            6      29333
 1722651   988067       64   63.55%            6      29309
 1699364   990375       26   63.18%            6      29312
 1685174   990466       36   62.98%            6      29341
 1699299   988468      124   63.22%            7      29337
 1707790   988996       51   63.33%            7      29316
 1691846   990213       26   63.08%            7      29321
 1728266   988182       55   63.62%            7      29345
 1703435   990151       18   63.24%            7      29328
 1724712   988999       21   63.56%            7      29349
 1721387   990298       21   63.48%            7      29329
 1666743   990317       43   62.73%            7      29330
 1690515   988975       75   63.09%            7      29302
 1711998   987876       53   63.41%            7      29348
 1682233   988471       60   62.99%            7      29331
 1718355   989159       15   63.47%            7      29331
 1691403   990385       16   63.07%            7      29315
 1704019   987663       16   63.31%            7      29337
 1710921   990146       16   63.34%            7      29350
 1713203   987823       58   63.43%            7      29323
 1679117   990846       18   62.89%            7      29315
 1715554   989574       18   63.42%            7      29317
 1695970   990901      145   63.12%           11      29319
 1690500   990009       19   63.07%           11      29316
 1702584   990125       17   63.23%           11      29327
 1700524   988645       59   63.24%           11      29333
stop
