    HITS   MISSES  DIRTIES HITRATIO   BUFFERS_MB  CACHED_MB
 1562494  1095123       66   58.79%           14       4553
 1360955   990561        8   57.88%           14       8421
 1340160   990522       58   57.50%           17      12288
 1322029   991219       11   57.15%           17      16160
 1368790   990556       20   58.02%           17      20029
 1338475   990682       34   57.47%           17      23899
 1272886   988948       61   56.28%           17      27761
 1104862   990896        8   52.72%            7      29414
 1052822   989344       17   51.55%            7      29427
  615680   971362       20   38.79%            7      29444
   77005   966369       20    7.38%            6      29457
    9364   968855       20    0.96%            5      29435
       0   913353       69    0.00%            5      29483
       0   928710       27    0.00%            4      29478
       0   948765       21    0.00%            4      29496
       0   924689       21    0.00%            4      29475
       0   923002       21    0.00%            3      29515
       0   924451       21    0.00%            3      29498
   26750   971306       78    2.68%            3      29510
       0   912874       25    0.00%            3      29496
       0   878675       11    0.00%            3      29499
       0   925390       13    0.00%            2      29504
       0   953964       10    0.00%            2      29479
       0   910077       14    0.00%            2      29464
   13737   974086       72    1.39%            2      29470
    5428   978066        7    0.55%            2      29502
       0   902792       21    0.00%            2      29519
       0   968543       17    0.00%            2      29507
       0   898974       17    0.00%            2      29500
       0   892749       17    0.00%            2      29507
       0   756333       72    0.00%            2      29497
       0   774931        7    0.00%            2      29504
       0   788174       18    0.00%            2      29497
       0   816427       18    0.00%            2      29486
       0   791674       19    0.00%            2      29507
       0   891201       19    0.00%            2      29492
       0   900325       69    0.00%            2      29492
       0   832876        9    0.00%            2      29508
       0   825029       17    0.00%            2      29521
       0   836983       20    0.00%            2      29514
       0   769165       20    0.00%            2      29522
       0   808821       20    0.00%            2      29511
       0   778791       73    0.00%            2      29506
       0   802186       27    0.00%            2      29516
       0   764493       22    0.00%            2      29507
       0   808424       22    0.00%            2      29498
       0   832526       22    0.00%            2      29508
       0   775351       22    0.00%            2      29510
       0   757666       75    0.00%            2      29500
       0   911401       12    0.00%            2      29491
       0   785608       23    0.00%            2      29501
       0   758320       13    0.00%            2      29521
       0   771639       10    0.00%            2      29519
       0   777119       18    0.00%            2      29479
       0   696620       67    0.00%            2      29498
       0   788700        7    0.00%            2      29470
       0   734705       18    0.00%            2      29508
       0   820108       18    0.00%            2      29473
       0   775159       18    0.00%            2      29522
       0   698146       18    0.00%            2      29477
       0   745188       72    0.00%            2      29494
       0   734326        7    0.00%            2      29484
       0   727976       18    0.00%            2      29477
       0   661465       18    0.00%            2      29470
       0   721013       19    0.00%            2      29498
       0   704403       19    0.00%            2      29508
       0   799403       72    0.00%            2      29501
       0   755871        9    0.00%            2      29506
       0   718899       18    0.00%            2      29491
       0   729499       21    0.00%            2      29517
       0   763564       22    0.00%            2      29510
       0   677155       22    0.00%            2      29515
       0   733872       74    0.00%            2      29505
       0   761396       27    0.00%            2      29485
       0   719234       21    0.00%            2      29477
       0   778019       21    0.00%            2      29493
       0   758174       21    0.00%            2      29496
       0   743563       21    0.00%            2      29511
       0   746746       76    0.00%            2      29510
       0   706580       11    0.00%            2      29512
       0   720608       32    0.00%            2      29511
       0   719635       13    0.00%            2      29490
       0   727483        5    0.00%            2      29487
       0   709884       15    0.00%            2      29480
       0   712065       67    0.00%            2      29484
       0   781574        7    0.00%            2      29512
       0   777341       63    0.00%            3      29486
       0   721029        6    0.00%            3      29474
       0   704463       17    0.00%            3      29494
       0   711680       65    0.00%            3      29503
       0   695688       61    0.00%            3      29496
       0   792358        7    0.00%            3      29503
       0   725434       19    0.00%            3      29472
       0   769998       19    0.00%            3      29483
       0   756567       21    0.00%            3      29502
       0   712679       21    0.00%            3      29504
       0   719737       73    0.00%            3      29512
       0   727188        9    0.00%            3      29494
       0   805392       17    0.00%            3      29518
       0   778173       20    0.00%            3      29505
       0   758871       21    0.00%            3      29479
       0   746202       20    0.00%            3      29482
       0   749621       75    0.00%            3      29497
       0   701996       31    0.00%            3      29493
       0   727658       21    0.00%            3      29473
       0   682927       21    0.00%            3      29514
       0   707910       20    0.00%            3      29511
       0   764907       21    0.00%            3      29514
       0   687554       72    0.00%            3      29510
       0   699748       23    0.00%            3      29504
       0   746381       20    0.00%            3      29501
       0   750291        4    0.00%            3      29521
       0   740344       25    0.00%            3      29500
       0   694328        5    0.00%            3      29509
       0   721391       16    0.00%            3      29486
       0   744501       70    0.00%            3      29492
       0   682764        6    0.00%            3      29497
       0   727440       17    0.00%            3      29510
       0   703531       17    0.00%            3      29501
       0   697466       17    0.00%            3      29512
       0   764740       18    0.00%            3      29518
       0   833994      191    0.00%            6      29493
       0   751322        7    0.00%            5      29495
       0   706634       29    0.00%            5      29500
       0   746029        8    0.00%            4      29494
       0   730634       19    0.00%            4      29493
       0   725966       30    0.00%            4      29504
       0   755616       60    0.00%            4      29466
       0   741455        8    0.00%            4      29510
       0   780583       20    0.00%            4      29498
       0   757435       20    0.00%            3      29497
       0   697140       30    0.00%            3      29472
       0   701893       20    0.00%            3      29510
       0   697336       82    0.00%            3      29468
       0   687613       22    0.00%            4      29495
stop
