    HITS   MISSES  DIRTIES HITRATIO   BUFFERS_MB  CACHED_MB
 1604485  1046274       28   60.53%           14       4378
 1439429   992043       18   59.20%           14       8254
 1436728   991346       24   59.17%           14      12126
 1406781   991621       38   58.65%           14      16000
 1444996   988481       19   59.38%           15      19860
 1386226   988060      150   58.38%           15      23720
 1375295   989522       53   58.16%           15      27586
 1343892   991681       18   57.54%           15      29249
 1390040   990617       18   58.39%           15      29228
 1346015   991684       18   57.58%           15      29224
 1392775   990328       37   58.44%           15      29225
 1414578   989002       61   58.85%            4      29254
 1326718   991548       54   57.23%            4      29247
 1377537   991764       25   58.14%            4      29235
 1422530   987667       20   59.02%            4      29248
 1357386   985213       58   57.94%            4      29245
 1359015   989125       31   57.88%            4      29252
 1320992   981680      186   57.37%            4      29254
 1342927   989388       35   57.58%            4      29267
 1334073   989171       15   57.42%            4      29249
 1316183   988119      222   57.12%            4      29269
 1346960   990996       48   57.61%            4      29252
 1364016   985952       16   58.04%            4      29273
 1396906   986656      147   58.61%            6      29249
 1368460   990715       17   58.01%            6      29277
 1348279   990997       17   57.64%            6      29261
 1383602   991191       40   58.26%            6      29266
 1351814   990348       25   57.72%            6      29259
 1364870   986553       41   58.04%            6      29269
 1544038   987802       93   60.98%            6      29279
 1452118   991000       19   59.44%            6      29292
 1510876   990559       95   60.40%            6      29261
 1498392   990565       18   60.20%            6      29274
 1519588   990730       30   60.53%            6      29291
 1496194   989327       82   60.20%            6      29262
 1533957   988298       60   60.82%            6      29267
 1488893   990236       81   60.06%            6      29281
 1511173   991059       46   60.39%            6      29298
 1471717   990135       20   59.78%            6      29273
 1537982   988954      142   60.86%            6      29274
 1538075   988616       43   60.87%            6      29298
 1545390   987043       60   61.02%            6      29272
 1563741   991640       21   61.19%            6      29270
 1528778   990161       21   60.69%            6      29304
 1529862   991253       46   60.68%            6      29296
 1586149   990722       21   61.55%            6      29294
 1535725   989522       32   60.81%            5      29280
 1523448   987110       80   60.68%            5      29294
 1539491   988848      104   60.89%            5      29304
 1541633   991342       15   60.86%            4      29304
 1533606   988906       14   60.80%            4      29286
 1574732   989834       52   61.40%            4      29297
 1523767   991596       14   60.58%            4      29286
 1520783   987132       59   60.64%            4      29295
 1580626   991035       19   61.46%            4      29302
 1535552   992001       17   60.75%            4      29313
 1513936   991681       17   60.42%            4      29303
 1562699   991241       17   61.19%            4      29311
 1489126   990973       30   60.04%            4      29282
 1530288   988660       84   60.75%            4      29298
 1547095   990991       17   60.96%            4      29304
 1553860   990487       45   61.07%            4      29309
 1536977   990320       25   60.82%            4      29314
 1500823   988668       77   60.29%            4      29310
 1545304   984620      114   61.08%            4      29285
 1556521   987251       64   61.19%            4      29291
 1571463   987311       50   61.41%            4      29296
 1572418   986706       27   61.44%            4      29302
 1524107   991756       20   60.58%            4      29288
 1540824   991222       21   60.85%            4      29297
 1517767   990234       35   60.52%            4      29300
 1531050   986951       89   60.80%            4      29308
 1509387   991110       72   60.36%            4      29312
 1582069   989196       42   61.53%            4      29296
 1556743   990551       55   61.11%            4      29301
 1543243   991410       18   60.89%            4      29288
 1573511   991553       28   61.34%            4      29282
 1556692   987144       51   61.19%            4      29292
 1544015   988537       11   60.97%            4      29293
 1589030   991347       15   61.58%            4      29297
 1563853   989438       16   61.25%            4      29281
 1542143   990947       16   60.88%            4      29289
 1577678   991662       16   61.40%            4      29297
 1557105   989178       56   61.15%            5      29295
 1538996   991829       16   60.81%            5      29289
 1578576   988873       15   61.48%            5      29291
 1544699   991866       16   60.90%            5      29294
 1549721   988412       15   61.06%            5      29289
 1576196   989777      127   61.43%            9      29283
 1537792   988713       60   60.87%            8      29290
 1520561   985077       20   60.69%            8      29284
 1501291   989680       18   60.27%            8      29285
 1511917   991217       19   60.40%            8      29296
 1495624   990038       18   60.17%            8      29276
 1515896   992038       18   60.44%            8      29291
 1508605   988246       59   60.42%            8      29289
 1495772   991679       18   60.13%            8      29293
 1455800   991771       18   59.48%            8      29296
 1508085   990556       18   60.36%            8      29295
 1520612   990027       33   60.57%            8      29279
 1523743   991263       93   60.59%            9      29271
 1533200   988973       60   60.79%            9      29300
 1523695   991871       22   60.57%            9      29300
 1520072   991797       21   60.52%            9      29284
 1559852   990766       20   61.16%            9      29294
 1517098   989225       46   60.53%            9      29293
 1460418   989537       31   59.61%            9      29281
 1476409   985850      118   59.96%            9      29297
 1515515   990571       54   60.47%            9      29289
 1505750   991367       15   60.30%            9      29294
 1545496   991299       19   60.92%            9      29286
 1538999   989838       17   60.86%            9      29288
 1495866   991785       23   60.13%            9      29278
 1524830   987204       60   60.70%            9      29284
 1541711   991802       17   60.85%            9      29298
 1522426   991793       17   60.55%            9      29290
 1536317   991605       18   60.77%            9      29300
 1554145   989776       18   61.09%            9      29301
 1523762   988933       20   60.64%            9      29302
 1562703   987900       55   61.27%            9      29306
 1561077   991502       19   61.16%            9      29298
 1550452   992204       19   60.98%            9      29273
 1474500   988660       51   59.86%            9      29282
 1502812   990081       66   60.28%            9      29289
 1521130   991535       18   60.54%            9      29282
 1545682   986539       93   61.04%            9      29296
 1547665   991804       29   60.94%            9      29282
 1553846   991718       19   61.04%            9      29276
 1552602   991096       20   61.04%            9      29307
 1571508   989920       61   61.35%            9      29288
 1479196   991336       25   59.87%            9      29297
 1516185   989011       78   60.52%            9      29281
 1571353   990554       55   61.34%            9      29274
 1540310   986571       30   60.96%            9      29294
 1491496   991338       43   60.07%            9      29285
stop
