    HITS   MISSES  DIRTIES HITRATIO   BUFFERS_MB  CACHED_MB
 1804998  1043762       76   63.36%           14       4388
 1656043   990579        7   62.57%           14       8258
 1606922   990544       45   61.86%           14      12127
 1503561   990337       85   60.29%           14      15996
 1338585   989375       48   57.50%           14      19860
  403620   866820       79   31.77%           14      23246
  603494   370405       48   61.97%           14      24693
  528479   206763       66   71.88%           14      25500
  702626   140980       70   83.29%           14      26051
  813898   106106       43   88.47%           15      26465
  815181    84655       20   90.59%           15      26796
  659119    70313       31   90.36%           15      27071
  624785    59490      127   91.31%           15      27302
  774024    51397      106   93.77%           15      27503
  758696    45185       78   94.38%           15      27679
  832087    40510       30   95.36%           15      27839
  753513    36955       22   95.32%           15      27982
  742161    33279       20   95.71%           15      28112
  753752    30713       73   96.08%           15      28232
  630817    28488       80   95.68%           15      28342
  842524    26088       86   97.00%           15      28445
  834707    24197       19   97.18%           15      28539
  777195    22979       17   97.13%           15      28630
  941724    21464       17   97.77%           15      28714
  736738    20144       87   97.34%           15      28793
  791029    18901       18   97.67%           15      28866
  688120    18109      108   97.44%           15      28937
  713869    17032       56   97.67%           15      29003
  786988    16218       18   97.98%           15      29066
  814776    15515       18   98.13%           15      29126
  734582    15024       61   98.00%           15      29186
  761508    13971       42   98.20%           15      29239
  731543    13489      120   98.19%           15      29292
  721893    13152       19   98.21%           15      29343
  679539    12441       69   98.20%           15      29392
  815046    12031        7   98.55%           15      29439
  742369    11627       54   98.46%           15      29485
  800936    11449       20   98.59%           15      29529
  759717    15949       85   97.94%            5      29552
  803339    57521       60   93.32%            5      29573
  852943   131363       17   86.65%            5      29579
  578450   220969       47   72.36%            5      29580
  555935   286334       68   66.00%            5      29582
  572710   346617       17   62.30%            5      29580
  433438   413471       18   51.18%            5      29571
  420772   450786       72   48.28%            8      29567
  510391   474228       32   51.84%            8      29578
  340164   481725        9   41.39%            8      29589
  372715   474267       69   44.01%            8      29579
  418960   443586       14   48.57%            8      29580
  341509   398853      114   46.13%            8      29577
  567663   339597       30   62.57%            8      29557
  713123   279267       15   71.86%            8      29581
  653452   228042       17   74.13%            8      29559
  705950   191278       98   78.68%            8      29595
  765227   162005       44   82.53%            8      29569
  813401   139731       16   85.34%            8      29556
  696878   125762       17   84.71%            8      29590
  719336   112327       56   86.49%            8      29572
  806422   100419       18   88.93%            8      29560
  682874    92722      153   88.05%            8      29565
  629790    84841       17   88.13%            8      29593
  691104    78287       18   89.82%            8      29593
  897379    73026       67   92.47%            8      29574
  725706    67832        7   91.45%            8      29585
  713500    63526       18   91.82%            8      29581
  877270    59727       59   93.63%            8      29560
  770265    55868       57   93.24%            8      29575
  924311    52990        8   94.58%            8      29578
  730848    50194       34   93.57%            8      29571
  759382    47703       48   94.09%            8      29555
  743622    45033       76   94.29%            8      29578
  872956    43037        8   95.30%            8      29543
  844854    41061       20   95.37%            8      29551
  790757    39150       21   95.28%            8      29552
  816827    37744       23   95.58%            8      29547
  659366    35766       27   94.85%            8      29585
  846186    34731       79   96.06%            8      29568
  708625    33099       76   95.54%            8      29545
  879287    32317       75   96.45%            8      29569
  721166    49037       19   93.63%            8      29559
  568259   152735       20   78.82%            8      29597
  531558   266639       17   66.59%            8      29572
  519360   351823       66   59.62%            8      29577
  287300   424822        7   40.34%            9      29576
  731172    76811      110   90.49%            7      29579
  793415    19100       17   97.65%            7      29584
  784573    16641       18   97.92%            7      29584
  723160    15308       57   97.93%            7      29594
  724586    14462       70   98.04%            7      29600
  734268    13587        7   98.18%            7      29599
  732957    13345       19   98.21%            7      29587
  758212    14120       19   98.17%            7      29575
  798421    14136       60   98.26%            7      29574
  853838    14789        7   98.30%            7      29594
  839259    15146       68   98.23%            7      29544
  749952    16354       38   97.87%            7      29563
  748745    16339       29   97.86%            7      29589
  692942    16321       20   97.70%            7      29590
  808376    16630       35   97.98%            8      29588
  779579    16645       17   97.91%            8      29554
  745424    16536      158   97.83%            8      29589
  770214    15841        8   97.98%            8      29569
  697510    15283       17   97.86%            5      29570
  890811    15079       46   98.34%            3      29505
  846250    14635       27   98.30%            3      29563
 1007745    13565       21   98.67%            3      29571
  769163    15122       89   98.07%            4      29581
  784565    13885        6   98.26%            4      29583
  745104    13657       21   98.20%            4      29580
  890295    13541       38   98.50%            4      29571
  727531    13632       42   98.16%            4      29593
  798316    13271       16   98.36%            4      29580
  725542    13146      196   98.22%            5      29562
  802837    13072        6   98.40%            5      29576
  757885    13136       15   98.30%            5      29590
  777751    13238       17   98.33%            5      29565
  796509    13036       57   98.39%            5      29576
  810188    13140       45   98.40%            5      29586
  699560    12970      137   98.18%            5      29554
  689682    12804        7   98.18%            5      29560
  795555    12765       64   98.42%            5      29566
  762798    12872      102   98.34%            5      29572
  707404    12422       20   98.27%            5      29576
  707088    12584       17   98.25%            5      29580
  731943    12760      106   98.29%            5      29584
  677701    12590        8   98.18%            5      29586
  736931    12622       25   98.32%            5      29589
  742456    12635       86   98.33%            5      29591
  796541    12630       59   98.44%            5      29592
  707150    12508       49   98.26%            5      29545
  882707    12547       80   98.60%            5      29546
  895089    12551        8   98.62%            5      29595
  735743    12337       18   98.35%            5      29551
  778606    12675       18   98.40%            5      29557
stop
