    HITS   MISSES  DIRTIES HITRATIO   BUFFERS_MB  CACHED_MB
 1786237  1041143      101   63.18%           14       4383
 1662091   987866       64   62.72%           14       8241
 1646663   987169      145   62.52%           14      12097
 1651432   989807       42   62.52%           14      15964
 1613685   989908       21   61.98%           14      19829
 1607465   989779      103   61.89%           14      23697
 1577798   988682       20   61.48%           14      27559
 1567093   987400       86   61.35%            5      29505
 1575297   987630      152   61.46%            5      29499
 1548790   989500       10   61.02%            5      29500
 1572274   989506       37   61.37%            5      29487
 1575964   991889      849   61.37%           10      29503
 1545578   990812       11   60.94%           10      29503
 1534461   987342       74   60.85%           10      29488
 1550347   988002       51   61.08%           10      29491
 1577573   990348       27   61.43%           10      29511
 1564600   988717       19   61.28%           10      29473
 1572415   990075       19   61.36%           10      29512
 1551071   988876       19   61.07%           10      29497
 1562877   987055      152   61.29%           10      29497
 1553046   989687       19   61.08%           10      29491
 1574654   989985       19   61.40%           10      29487
 1563640   988557       53   61.27%           10      29485
 1584337   989986       34   61.54%           10      29467
 1563813   990181       41   61.23%           10      29479
 1580028   985701       57   61.58%           10      29487
 1577312   988667       36   61.47%           10      29492
 1576166   987932       54   61.47%           10      29477
 1570977   990268       17   61.34%           10      29499
 1617659   990004       19   62.03%           10      29488
 1647318   990306       18   62.45%           10      29500
 1657348   988031       60   62.65%           10      29510
 1647976   990245       21   62.47%           10      29498
 1665662   988627      113   62.75%           10      29483
 1653425   990733        4   62.53%           10      29490
 1655966   989887       10   62.59%           10      29493
 1645295   988142       66   62.48%           10      29497
 1651522   988300       45   62.56%           10      29479
 1662693   989806       16   62.68%           10      29496
 1643793   990183       16   62.41%           10      29492
 1651946   990139       16   62.52%           10      29476
 1650385   990278       17   62.50%           10      29486
 1667749   990338       17   62.74%           10      29499
 1684062   987841       58   63.03%           10      29500
 1670818   990199       18   62.79%           10      29491
 1676718   990373       17   62.87%           10      29496
 1699342   989686       17   63.20%           10      29477
 1683244   989998       17   62.97%           10      29502
 1663843   989558       24   62.71%           10      29511
 1679858   987086      151   62.99%           10      29489
 1676270   990264       38   62.86%           10      29506
 1675090   987782       58   62.91%           10      29480
 1677707   989487       20   62.90%           10      29511
 1679224   990183       18   62.91%           10      29480
 1683094   989610       55   62.97%           10      29496
 1686332   987476       49   63.07%           11      29475
 1681337   989178       37   62.96%           11      29482
 1662726   988821       47   62.71%           11      29488
 1672082   989978       27   62.81%           11      29475
 1672803   989130      115   62.84%           11      29506
 1673223   990466       18   62.82%           11      29503
 1678911   987065       55   62.98%           11      29509
 1685819   987811       73   63.05%           11      29491
 1672880   990482       10   62.81%           11      29496
 1677685   989923       13   62.89%           11      29471
 1676914   989356       15   62.89%           11      29500
 1687868   990011       36   63.03%           11      29489
 1690011   986241      126   63.15%           11      29507
 1670867   988971       84   62.82%           11      29492
 1666865   990222       15   62.73%           11      29504
 1680399   989948       18   62.93%           11      29484
 1666937   989627       92   62.75%           11      29501
 1671285   990234       50   62.79%           11      29495
 1682496   986631       77   63.04%           11      29503
 1671026   988526       70   62.83%           11      29479
 1692492   990501        6   63.08%           11      29514
 1666331   990265       18   62.72%           11      29504
 1675515   989393       85   62.87%           11      29490
 1673709   990318       44   62.83%           11      29474
 1678373   987733       82   62.95%           11      29504
 1667710   988759       60   62.78%           11      29509
 1664607   989439       17   62.72%           11      29519
 1673546   989736       19   62.84%           11      29506
 1672427   990159       19   62.81%           11      29503
 1682284   989950       20   62.95%           11      29485
 1659978   987645       56   62.70%           11      29509
 1689920   988912       36   63.08%           11      29494
 1671978   987895      102   62.86%           11      29489
 1660667   990534       17   62.64%           11      29501
 1667615   990291       17   62.74%           11      29485
 1668950   988469       64   62.80%           11      29496
 1663442   988904       52   62.72%           11      29481
 1660780   990194       20   62.65%           11      29464
 1672393   989932       20   62.82%           11      29482
 1645417   990604       16   62.42%           11      29473
 1671153   990214       50   62.79%           11      29507
 1665781   990823        5   62.70%           11      29498
 1672886   987384       54   62.88%           11      29506
 1684752   987406       47   63.05%           11      29506
 1673600   989581       25   62.84%           11      29487
 1668289   990307       17   62.75%           11      29484
 1669561   988722       17   62.81%           11      29496
 1648735   990074       17   62.48%           11      29493
 1674411   987331       69   62.91%           11      29493
 1650409   990930        6   62.48%           11      29508
 1668530   990321       17   62.75%           11      29488
 1664917   990379       17   62.70%           11      29489
 1666501   990013       18   62.73%           11      29514
 1641700   990163       18   62.38%           11      29490
 1656300   987076      107   62.66%           11      29511
 1662030   989809      128   62.67%           11      29484
 1656362   988718      109   62.62%           11      29491
 1681710   988261       57   62.99%           11      29480
 1675881   989957       20   62.87%           11      29490
 1651249   989709       19   62.52%           11      29485
 1673730   987417       97   62.90%           11      29486
 1674890   989325       25   62.87%           11      29487
 1661671   990303       18   62.66%           12      29492
 1665011   989098      137   62.73%           12      29499
 1686898   988848       31   63.04%           12      29498
 1665696   990145       18   62.72%           12      29481
 1672696   987370       61   62.88%           12      29495
 1658415   988554       21   62.65%           12      29501
 1673562   989594       21   62.84%           12      29481
 1680378   989927       13   62.93%           12      29512
 1674016   989480       10   62.85%           12      29499
 1643222   990315       15   62.40%           12      29505
 1671642   987050       74   62.87%           12      29482
 1651768   990865        5   62.50%           12      29490
 1670493   990351       17   62.78%           12      29488
 1685204   989641       17   63.00%           12      29497
 1667556   989982       18   62.75%           12      29472
 1670439   990419       23   62.78%           12      29484
 1674259   986909      139   62.91%           12      29497
 1669921   990243       46   62.78%           12      29495
stop
