    HITS   MISSES  DIRTIES HITRATIO   BUFFERS_MB  CACHED_MB
 1787722  1044958       92   63.11%           14       4351
 1657753   990571      107   62.60%           15       8220
 1595482   990879        6   61.69%           15      12091
 1513898   989890       47   60.46%           15      15957
 1333536   989139       57   57.41%           15      19822
  545394   872556      133   38.46%           18      23227
  416167   372387      123   52.78%           18      24681
  746379   206702       37   78.31%           18      25488
  884144   140857       51   86.26%           18      26038
  885861   105782       16   89.33%           18      26452
  844458    84333       16   90.92%           18      26781
  890081    70228       18   92.69%           18      27056
  857678    59652      102   93.50%           18      27288
  837926    51362      185   94.22%           18      27489
  847487    45123        8   94.94%           18      27665
  926010    40625       56   95.80%           18      27823
  895630    36674       18   96.07%           18      27967
  750760    37034       37   95.30%           18      28112
  802675    30787       60   96.31%           18      28232
  855464    28409       10   96.79%           18      28343
  962205    26131       17   97.36%           18      28446
  990096    24223       17   97.61%           18      28540
  846499    22868       18   97.37%           18      28629
  778228    21441       18   97.32%           18      28711
  917920    20235       99   97.84%           18      28791
  849511    19055       60   97.81%           18      28864
  884969    17795       50   98.03%           18      28934
 1038703    17096       57   98.38%           18      29000
  855861    16282       75   98.13%           18      29064
  851586    15442       37   98.22%           18      29124
  889177    14980       56   98.34%           18      29183
  881146    14171        6   98.42%           18      29238
  852887    13479       59   98.44%           18      29291
  936641    13005        6   98.63%           18      29342
  816097    12516       14   98.49%           18      29391
  900289    11967       14   98.69%           18      29437
  821666    11704      113   98.60%           18      29483
  783286    11296       84   98.58%           18      29527
  935185    10856       34   98.85%           18      29570
 1075924    10278       49   99.05%           18      29610
  905030    10418       17   98.86%           18      29625
  918972     9894       24   98.93%           18      29629
  927860     9703       53   98.97%           19      29632
  981464     9758        7   99.02%           19      29636
  899222     9937       15   98.91%           19      29643
  906942     9688       16   98.94%           19      29660
  952160     9574       18   99.00%           19      29663
  897097     9509       34   98.95%           19      29661
  954548     9383       64   99.03%           19      29665
  965325     9522        9   99.02%           19      29663
  913525     9646       16   98.96%           19      29662
 1019471     9334       17   99.09%           19      29664
  891327     9240       49   98.97%           19      29667
  875621     9359        9   98.94%           19      29667
  871425     9300       61   98.94%           19      29665
  879931     9042       48   98.98%           19      29668
  892895     9080       21   98.99%            9      29661
  966606     8908        5   99.09%            9      29662
  901253     8812       14   99.03%            9      29670
 1081588     8852       14   99.19%            9      29672
  848716     8977       63   98.95%            9      29674
  917604     8685        7   99.06%            9      29671
  897735     9169       14   98.99%            9      29665
  963686    10280      106   98.94%            9      29673
  887064    10785        6   98.80%            9      29667
  855454    11442       76   98.68%            9      29657
  899733    11682       94   98.72%            9      29654
  938696    11801       43   98.76%            9      29657
  925315    12390       16   98.68%            9      29659
  927325    11996       16   98.72%            9      29673
  843784    12000       16   98.60%            9      29671
  854961    12134       53   98.60%            9      29668
  861266    11897      144   98.64%            9      29673
  904193    11736        7   98.72%            9      29675
 1047054    11721       15   98.89%            9      29676
  999468    11670       62   98.85%            9      29677
  948508    11369        8   98.82%            9      29681
  915690    11310       59   98.78%            9      29682
  970053    11254      150   98.85%            9      29685
  982248    11046       18   98.89%            9      29686
  996887    10704       78   98.94%            9      29685
  798838    10798      107   98.67%            9      29672
  965921    10284       18   98.95%            9      29678
  782529     9860       54   98.76%            9      29684
  915613     9848       57   98.94%            9      29677
  870947     9677       10   98.90%            9      29680
  840994     9682       49   98.86%            9      29684
  784336     9687      148   98.78%            9      29683
 1094958     9214       47   99.17%            9      29689
  831274     9244       40   98.90%            9      29688
  947772     9299       61   99.03%            9      29685
  894819     9063       15   99.00%            9      29687
  907396     9030       15   99.01%            9      29686
  850088     9155       15   98.93%            9      29688
  848576     9200       15   98.93%            9      29687
 1042979     9449       15   99.10%            9      29686
  867108     9865       53   98.88%            9      29681
  818621    10060       16   98.79%            9      29689
  784295    10110       15   98.73%            9      29696
  891745    10287       15   98.86%            9      29691
 1035410    10064       15   99.04%            9      29684
  989627    10522       15   98.95%            9      29692
  994070    10375       52   98.97%            9      29690
  847057    10370       19   98.79%            9      29692
  939900    10326       45   98.91%            9      29692
  909170    10360       74   98.87%            9      29687
  833558    10349      183   98.77%            9      29683
  870598    10235       63   98.84%            9      29690
  829147    10097       64   98.80%            9      29697
  913059    10027       18   98.91%            9      29683
  976364    10051       17   98.98%            9      29694
  880020    10081       17   98.87%            9      29691
  944002     9983       17   98.95%            9      29693
  892775    12161       99   98.66%            9      29694
  879343     9889       66   98.89%            9      29689
  911063    10006       49   98.91%            9      29692
  880963     9815       12   98.90%            9      29687
 1103610     9775       17   99.12%            9      29689
  962833     9697       12   99.00%            9      29688
  809300     9891       12   98.79%            9      29692
  901020     9717       51   98.93%            9      29693
  975901     9884       14   99.00%            9      29691
  839304     9910       39   98.83%            9      29688
  933095     9932       14   98.95%            9      29696
  890921    10123       74   98.88%            9      29697
  958280    10403       67   98.93%            9      29694
  957588    10236       62   98.94%            9      29696
  960153    10370       15   98.93%            9      29695
  817817    10338       14   98.75%            9      29700
  883703    10415       14   98.84%            8      29688
  932942    10214       14   98.92%            8      29693
 1031133    10267       14   99.01%            8      29697
 1008272    10172       54   99.00%            8      29699
 1037991    10151       18   99.03%            8      29698
 1013125    10022       17   99.02%            8      29699
stop
