    HITS   MISSES  DIRTIES HITRATIO   BUFFERS_MB  CACHED_MB
 1583019  1046208       23   60.21%           14       4395
 1448262   991568       19   59.36%           14       8268
 1418198   991303       76   58.86%           17      12137
 1357984   990644       48   57.82%           17      16007
 1153599   989570       19   53.83%           17      19872
  274765   846751       60   24.50%           17      23180
  592862   360731       21   62.17%           17      24589
  722407   204229       18   77.96%           17      25387
  770061   141332       20   84.49%           17      25938
  783591   105874       20   88.10%           17      26352
  795844    84020       21   90.45%           17      26680
  735038    69942       79   91.31%           17      26954
  765758    60313       21   92.70%           17      27189
  839492    51841       21   94.18%           17      27391
  911746    45415       21   95.26%           17      27569
  910628    40778       25   95.71%           17      27728
  776239    36831       22   95.47%           17      27873
  777032    33362       76   95.88%           17      28002
  860291    30682       10   96.56%           17      28121
  789327    28129        9   96.56%           17      28231
  842755    26498       15   96.95%           17      28334
  802245    24245       21   97.07%           17      28430
  791958    22800       17   97.20%           17      28519
  767803    21550       57   97.27%           17      28604
  835820    20297       17   97.63%           17      28684
  883579    19082       18   97.89%           17      28758
  823441    18052       18   97.85%           17      28829
  979354    17022       18   98.29%           17      28895
  881632    16451       18   98.17%           17      28958
  777129    15423       58   98.05%           18      29019
  818159    15005       19   98.20%           18      29077
  776888    14388       19   98.18%           18      29134
  855404    13705       18   98.42%           18      29187
  835643    13117       19   98.45%           18      29238
  892846    12460       19   98.62%           18      29286
  918995    12274       56   98.68%           18      29334
  822210    11808       20   98.58%           18      29382
  898333    11511       19   98.73%           17      29361
  836939    11689       20   98.62%           17      29385
  858296    11626       20   98.66%           17      29399
  896196    11670       18   98.71%           17      29397
  974950    11787       79   98.81%           17      29405
  930109    11816       20   98.75%           17      29405
  958756    11669       18   98.80%            8      29413
  933813    11687       21   98.76%            8      29402
  808690    11414       20   98.61%            8      29414
  977882    15005       21   98.49%            8      29411
  809662    19753       69   97.62%            8      29408
  756259    21923       10   97.18%            8      29376
  893953    22909        9   97.50%            8      29401
  970045    22830       15   97.70%            8      29389
  884857    22193       20   97.55%            8      29384
  902175    26994       36   97.09%            8      29384
 1009368    22198       62   97.85%            8      29376
  905566    20858       18   97.75%            8      29405
  853446    19695       18   97.74%            8      29405
  854802    18935       18   97.83%            8      29414
  919616    18211       18   98.06%            8      29420
 1020677    17473       18   98.32%            8      29422
  924266    17159       58   98.18%            8      29418
  813402    16736       20   97.98%            8      29421
  810132    16300       19   98.03%            8      29422
  798706    15716       19   98.07%            8      29417
  863979    14951       19   98.30%            8      29418
  777305    14467       19   98.17%            8      29419
  816821    16047      125   98.07%            8      29419
  852446    15030       20   98.27%            8      29425
  880426    18096       18   97.99%            8      29414
  821450    18598       20   97.79%            8      29417
  885948    18510       20   97.95%            8      29427
  867252    18589       35   97.90%            7      29430
  857782    18221       60   97.92%            7      29434
  988680    17934       22   98.22%            7      29433
  757794    17812       21   97.70%            7      29435
  796925    17522       24   97.85%            7      29441
  840755    17345       21   97.98%            7      29440
  786570    17105       32   97.87%            7      29436
  849458    16928       71   98.05%            7      29440
  897171    16536        9   98.19%            6      29438
  980977    16638       10   98.33%            6      29438
  876942    17286       77   98.07%            7      29437
 1004647    16166       20   98.42%            6      29442
  795427    16517       16   97.97%            6      29430
  753626    17411       59   97.74%            6      29441
  835533    17936       18   97.90%            6      29444
  879547    18202       18   97.97%            6      29441
  816746    18903       18   97.74%            6      29447
  908228    18967       18   97.95%            6      29437
  859177    18794       21   97.86%            6      29445
  832603    18870       70   97.78%            5      29442
  805456    18602       19   97.74%            5      29450
  917703    18313       18   98.04%            4      29445
  808786    18324       18   97.78%            4      29453
  955397    18131       18   98.14%            4      29449
  811400    18105       18   97.82%            4      29446
  886414    17721       59   98.04%            4      29454
  989250    17634       20   98.25%            4      29455
  824494    17645       18   97.90%            4      29454
  927544    18274       20   98.07%            4      29451
  838709    18416       21   97.85%            4      29458
  797670    19066       83   97.67%            5      29456
  886641    18987       64   97.90%            5      29453
  804277    19236       22   97.66%            4      29458
  900259    19383       21   97.89%            4      29459
  860923    19589       21   97.78%            4      29462
  820066    19227       22   97.71%            4      29453
  970070    19188       22   98.06%            4      29466
  855938    19394       67   97.78%            4      29462
 1013426    19226        5   98.14%            4      29458
  778866    18999       10   97.62%            4      29461
  934749    18691       19   98.04%            4      29463
  797900    18780       17   97.70%            4      29463
  829595    19057       17   97.75%            4      29465
  899010    19305       63   97.90%            4      29464
  905452    19679       17   97.87%            4      29469
  836962    20003       17   97.67%            4      29469
  893483    19802       16   97.83%            4      29467
  850368    19793       17   97.73%            4      29468
  790258    25650      105   96.86%            6      29463
  713046    20693       79   97.18%            6      29463
  954428    20733       20   97.87%            6      29468
  854098    20661       19   97.64%            6      29460
  738599    20183       19   97.34%            6      29465
  892670    20174       19   97.79%            6      29463
  859634    20484       20   97.67%            6      29462
  783757    20142       62   97.49%            6      29467
  889829    20251       19   97.77%            6      29474
  889332    20127       17   97.79%            5      29477
  920798    20573       19   97.81%            5      29473
  802521    20479       20   97.51%            5      29466
  989070    20289       39   97.99%            5      29475
  909957    20535       60   97.79%            5      29475
  958455    20510       21   97.90%            5      29473
  851530    20394       20   97.66%            5      29478
  977670    20281       20   97.97%            5      29478
stop
