    HITS   MISSES  DIRTIES HITRATIO   BUFFERS_MB  CACHED_MB
 1786853  1042360       32   63.16%           14       4350
 1680500   990062       19   62.93%           14       8217
 1685142   989261       21   63.01%           14      12081
 1664455   988911       18   62.73%           14      15943
 1647084   988931       57   62.48%           14      19807
 1631867   989610       19   62.25%           14      23672
 1614704   990953        8   61.97%           14      27543
 1627396   989400       19   62.19%            4      29397
 1617108   990117       17   62.02%            4      29415
 1618160   988131       43   62.09%            5      29404
 1629601   986795       56   62.28%            5      29402
 1628945   989834       18   62.20%            5      29404
 1612518   990211       18   61.95%            5      29423
 1619515   990554       18   62.05%            5      29415
 1608553   990546       21   61.89%            5      29398
 1615011   989630       75   62.01%            8      29398
 1616824   987949       60   62.07%            8      29394
 1597116   990007       10   61.73%            8      29397
 1615702   988664       14   62.04%            8      29424
 1620528   990259       19   62.07%            8      29429
 1614670   990060       16   61.99%            8      29410
 1611043   990121       16   61.94%            8      29393
 1616006   988353       54   62.05%            8      29426
 1624315   989310       18   62.15%            8      29406
 1616567   990237       18   62.01%            8      29417
 1637541   989802       18   62.33%            8      29398
 1602764   990506       22   61.80%            8      29411
 1606159   989676       17   61.87%            8      29413
 1627879   987948       60   62.23%            8      29431
 1611603   990387       17   61.94%            8      29407
 1682595   990238       18   62.95%            8      29420
 1706020   989618       17   63.29%            8      29407
 1697576   990570       18   63.15%            8      29420
 1713569   989817       18   63.39%            8      29429
 1710837   988122       56   63.39%            8      29426
 1700452   990157       19   63.20%            8      29437
 1715942   990577       19   63.40%            8      29393
 1722656   989614       19   63.51%            8      29430
 1719626   990587       20   63.45%            8      29393
 1724604   989291       34   63.55%            8      29402
 1704458   987240       63   63.32%            8      29422
 1718505   989804       42   63.45%            8      29418
 1677187   988889      197   62.91%            8      29424
 1698554   990639       17   63.16%            8      29430
 1722304   989263       56   63.52%            8      29388
 1719438   989343       20   63.48%            8      29431
 1725775   987866       55   63.60%            8      29419
 1710291   989921       10   63.34%            8      29394
 1703906   990290       14   63.24%            8      29406
 1696616   990556       23   63.14%            8      29391
 1698708   990417       16   63.17%            8      29403
 1724977   990201       16   63.53%            8      29414
 1715612   988960       55   63.43%            8      29428
 1722100   988173       18   63.54%            8      29417
 1711530   990804       17   63.34%            9      29409
 1690509   990540       17   63.05%            9      29393
 1713387   990596       17   63.37%            9      29398
 1714364   990048       17   63.39%            9      29403
 1744287   989616       55   63.80%            9      29403
 1709524   988474       17   63.36%            9      29430
 1723020   989425       18   63.52%            9      29410
 1718826   990655       18   63.44%            9      29430
 1709310   990022       17   63.32%            9      29384
 1739870   990692       18   63.72%            9      29412
 1716784   987832       58   63.48%            9      29414
 1709551   989146       18   63.35%            9      29436
 1707696   990143       18   63.30%            9      29419
 1701185   990396       18   63.20%            9      29396
 1707256   990660       19   63.28%            9      29408
 1718345   988730       36   63.48%            9      29435
 1714676   988232       55   63.44%            9      29418
 1712193   990135       17   63.36%            9      29422
 1716724   989562       17   63.43%            9      29401
 1712741   990468       17   63.36%            9      29387
 1705409   990433       17   63.26%            9      29419
 1720896   990524       20   63.47%            9      29433
 1701672   987063      115   63.29%            9      29426
 1692317   989671       57   63.10%            9      29399
 1659291   991582       58   62.59%           10      29414
 1676326   988002      170   62.92%           10      29395
 1707667   989573       26   63.31%           10      29426
 1719043   990553       17   63.44%           10      29410
 1695448   987735      144   63.19%           10      29390
 1708195   989533       18   63.32%           10      29414
 1708654   989700       17   63.32%           10      29424
 1700452   989666       46   63.21%           10      29404
 1716057   989500       30   63.43%           10      29397
 1710041   990406       17   63.32%           10      29417
 1700607   987183      177   63.27%           10      29416
 1716379   990495       19   63.41%           10      29391
 1692891   990063       19   63.10%           10      29411
 1718143   989089       57   63.46%           10      29398
 1703835   989889       19   63.25%           10      29407
 1730749   989929       76   63.61%           10      29403
 1705895   987832       60   63.33%           10      29427
 1690414   989621       19   63.07%           10      29386
 1694593   989673       19   63.13%           10      29424
 1679274   989725       53   62.92%           10      29404
 1660474   989281      188   62.67%           10      29406
 1678072   988915       34   62.92%           11      29396
 1710685   987448       96   63.40%           11      29413
 1685624   990435       18   62.99%           11      29425
 1684310   989149       21   63.00%           11      29403
 1698637   988572       45   63.21%           11      29416
 1679339   989437       96   62.93%           11      29396
 1696386   990157       20   63.14%           11      29422
 1693290   986878      162   63.18%           11      29377
 1693090   989647       20   63.11%           11      29408
 1684114   990434       14   62.97%           11      29413
 1699627   985069       47   63.31%           11      29383
 1655070   987025       74   62.64%           11      29389
 1697890   985416       47   63.28%           11      29404
 1711594   981107       90   63.56%           11      29410
 1697164   981627       26   63.36%           11      29416
 1691038   988911       18   63.10%           11      29400
 1689289   988269       17   63.09%           11      29419
 1673135   987145       57   62.89%           11      29412
 1683217   989918       18   62.97%           11      29409
 1673365   986850      225   62.90%           11      29407
 1689230   988893       58   63.08%           11      29412
 1690374   988472       18   63.10%           11      29425
 1695309   989585       18   63.14%           11      29398
 1680099   988888       18   62.95%           11      29388
 1697782   989965       19   63.17%           11      29385
 1677218   988686       56   62.91%           11      29377
 1680314   989022       46   62.95%           11      29406
 1679173   989591      106   62.92%           11      29400
 1685566   990230       18   62.99%           11      29390
 1706635   988901       56   63.31%           11      29418
 1699370   988412       37   63.23%           11      29422
 1694496   987742       55   63.17%           11      29425
 1708802   990702       17   63.30%           11      29412
 1681652   990436       17   62.93%           11      29385
 1703155   990451       20   63.23%           11      29413
 1713617   989585       20   63.39%           11      29408
stop
