    HITS   MISSES  DIRTIES HITRATIO   BUFFERS_MB  CACHED_MB
 1788516  1043577       99   63.15%           14       4346
 1696555   989571      116   63.16%           14       8211
 1683911   990240       28   62.97%           14      12080
 1645458   990916       18   62.41%           14      15951
 1615090   990540       18   61.98%           14      19819
 1580891   988017       18   61.54%           14      23678
 1528715   990902      117   60.67%           18      27546
 1380226   989070       58   58.25%            8      29683
 1349765   990026       19   57.69%            8      29691
 1156299   986640       19   53.96%            8      29705
  646038   982867       19   39.66%            7      29735
  306187   979362       20   23.82%            6      29742
  275185   942713       18   22.60%            5      29750
  305516   905485       59   25.23%            4      29754
  315500   888283       18   26.21%            3      29752
  315105   881292       21   26.34%            3      29782
  294389   885735       21   24.95%            3      29784
  312197   876035       53   26.27%            3      29771
  307584   886422       61   25.76%            3      29766
  316494   882433       58   26.40%            3      29770
  319680   889879       48   26.43%            3      29773
  321415   882290       30   26.70%            3      29767
  317506   883284       21   26.44%            3      29760
  313838   884049      187   26.20%            3      29780
  316111   885671       21   26.30%            3      29771
  321028   886687       64   26.58%            3      29782
  313631   887216       47   26.12%            2      29775
  299088   886142       28   25.23%            2      29745
  309362   885217       16   25.90%            2      29758
  331571   883033       16   27.30%            2      29774
  343579   886156       16   27.94%            2      29781
  354981   884557       57   28.64%            2      29775
  340691   884667       17   27.80%            2      29769
  345802   885927       17   28.07%            2      29768
  341425   887011       17   27.79%            2      29770
  364280   884348       18   29.17%            2      29776
  347494   886967       25   28.15%            2      29766
  351077   882113       79   28.47%            2      29780
  343172   886883       83   27.90%            2      29777
  340907   887341       39   27.76%            2      29787
  349595   886966       56   28.27%            2      29760
  353698   886270       17   28.52%            2      29762
  357145   881870       17   28.82%            2      29786
  344240   887167       56   27.96%            2      29784
  359592   882542       17   28.95%            2      29759
  351297   889648      143   28.31%            2      29767
  352019   884422       20   28.47%            2      29768
  358618   884884       20   28.84%            2      29777
  358109   884036       73   28.83%            2      29771
  356849   880883       65   28.83%            3      29772
  346296   879038       66   28.26%            2      29778
  350711   881966       70   28.45%            2      29740
  341070   884338       21   27.83%            2      29775
  360942   879988       22   29.09%            2      29771
  358131   888907      115   28.72%            2      29776
  352846   883491       59   28.54%            2      29776
  350961   881837       16   28.47%            2      29775
  349374   886799       17   28.26%            2      29752
  356794   883835       17   28.76%            2      29765
  345618   880924       17   28.18%            2      29756
  344761   885642       17   28.02%            2      29767
  344265   890364       89   27.88%            2      29749
  344474   888350       18   27.94%            2      29764
  354549   881189       18   28.69%            2      29760
  348410   883725      140   28.28%            2      29755
  358928   879526       19   28.98%            2      29780
  336854   886685       19   27.53%            2      29781
  342566   887260       92   27.85%            2      29736
  345382   890821       19   27.94%            2      29759
  345875   889008       19   28.01%            2      29784
  349408   880084       20   28.42%            2      29771
  353230   882569       59   28.58%            2      29764
  346302   891260       18   27.98%            2      29775
  348696   888340      116   28.19%            2      29772
  345017   887806       75   27.99%            2      29769
  347569   886576       31   28.16%            2      29752
  349669   883498       21   28.36%            2      29774
  336033   890977       21   27.39%            2      29764
  352828   891458       37   28.36%            2      29778
  351424   882352       90   28.48%            2      29777
  341137   888744       38   27.74%            2      29767
  332771   890780       48   27.20%            2      29777
  342397   883812      189   27.92%            2      29775
  346973   882993       56   28.21%            2      29760
  346370   887503       23   28.07%            2      29767
  335119   889420       75   27.37%            2      29763
  352170   890224       28   28.35%            2      29777
  349288   886443       15   28.27%            2      29768
  358388   875983       42   29.03%            2      29758
  357864   881962       23   28.86%            2      29770
  354934   882787       15   28.68%            2      29780
  345037   889134       59   27.96%            2      29772
  348614   882132       17   28.33%            2      29770
  349637   884884       17   28.32%            2      29776
  337326   887100       17   27.55%            2      29782
  345944   887126       18   28.06%            2      29779
  357110   880784       18   28.85%            2      29759
  356438   892032       61   28.55%            2      29769
  349229   884373       22   28.31%            2      29765
  343192   888575       34   27.86%            2      29768
  347015   887509       77   28.11%            2      29770
  361391   883760       74   29.02%            2      29764
  340277   878428       23   27.92%            2      29777
  350708   880542       56   28.48%            2      29772
  353176   879021       17   28.66%            2      29779
  333588   889826       20   27.27%            2      29779
  344138   890513       20   27.87%            2      29782
  350625   884250       20   28.39%            2      29758
  342969   880646       38   28.03%            2      29754
  348869   883724       65   28.30%            2      29747
  357866   879977       22   28.91%            2      29772
  345211   881313       22   28.15%            2      29746
  346337   893958       22   27.92%            2      29770
  344962   887896       22   27.98%            2      29752
  346019   885635       22   28.09%            2      29751
  342266   886897       87   27.85%            4      29758
  351283   891441       16   28.27%            2      29756
  356052   880102       21   28.80%            2      29772
  355695   888021       37   28.60%            2      29765
  348088   883955       77   28.25%            2      29751
  369267   884004       79   29.46%            2      29746
  353805   886367       69   28.53%            2      29751
  366339   881448       18   29.36%            2      29758
  366326   887156       18   29.22%            2      29770
  360338   885197       18   28.93%            2      29765
  345930   875948       19   28.31%            2      29748
  347261   887757       19   28.12%            2      29775
  362837   882102       58   29.14%            2      29775
  355936   890390       18   28.56%            2      29762
  360672   883341       18   28.99%            2      29775
  357237   884626       19   28.77%            2      29763
  362458   884493       17   29.07%            2      29763
  363132   883783       68   29.12%            2      29721
  358121   885180       87   28.80%            2      29743
  351580   883428       84   28.47%            2      29742
stop
