    HITS   MISSES  DIRTIES HITRATIO   BUFFERS_MB  CACHED_MB
 1750735  1045994       37   62.60%           14       4388
 1665689   991925       37   62.68%           14       8261
 1621097   990305       20   62.08%           14      12130
 1575821   990746       20   61.40%           14      16001
 1528818   989549       58   60.71%           14      19866
 1453479   990204       21   59.48%           14      23734
 1325433   987952       21   57.29%           14      27593
  816151   989892       25   45.19%            4      29553
  985126   990360       21   49.87%            4      29576
  954187   986065        9   49.18%            4      29586
  835167   986335       92   45.85%            4      29611
  488913   983101       16   33.21%            4      29619
  368665   971785       58   27.50%            4      29618
  366139   964977       72   27.51%            4      29632
  365383   963744       25   27.49%            3      29646
  380308   966176       17   28.24%            3      29642
  360398   967146       55   27.15%            3      29638
  370618   968406       18   27.68%            3      29651
  377217   967749       18   28.05%            3      29658
  381162   969072       27   28.23%            3      29622
  378007   973038       40   27.98%            3      29642
  382693   971945       64   28.25%            2      29632
  394549   972987       90   28.85%            2      29650
  378234   972688       56   28.00%            2      29637
  405099   973581       17   29.38%            2      29648
  388384   974545       17   28.50%            2      29635
  395958   975071       17   28.88%            2      29639
  401077   975454       20   29.14%            2      29626
  408731   974690       60   29.54%            2      29636
  390918   976009       20   28.60%            2      29650
  436475   974555       19   30.93%            2      29660
  465206   976463       39   32.27%            3      29635
  433112   976842       22   30.72%            3      29623
  446094   976399       22   31.36%            3      29654
  457991   975165       64   31.96%            3      29644
  440205   976341       21   31.08%            3      29614
  462270   976154       22   32.14%            3      29631
  444942   978611       80   31.26%            6      29622
  435386   977507       48   30.82%            6      29621
  459263   977382       14   31.97%            5      29657
  465893   978328       54   32.26%            5      29649
  451267   977721       44   31.58%            5      29648
  444208   976009       27   31.28%            4      29655
  446377   978846       94   31.32%            4      29645
  441988   977333       18   31.14%            4      29636
  446979   977474       18   31.38%            4      29647
  465621   977970       89   32.25%            4      29648
  446105   978018       28   31.32%            4      29650
  446188   978186       18   31.33%            4      29649
  460924   979222       18   32.01%            4      29630
  441093   979487       43   31.05%            4      29628
  435125   978080       18   30.79%            4      29654
  450989   977207      112   31.58%            4      29637
  452846   978830       78   31.63%            4      29630
  433886   979116       28   30.71%            4      29643
  466678   979023       18   32.28%            4      29646
  452925   977201       18   31.67%            4      29658
  450379   976042       21   31.57%            4      29637
  454703   977098       64   31.76%            3      29626
  443652   979695       20   31.17%            3      29630
  448420   980307       20   31.39%            3      29650
  458718   979546       37   31.89%            4      29638
  462886   977601       21   32.13%            4      29650
  456661   978227       68   31.83%            4      29646
  443301   979544      127   31.16%            4      29650
  459789   978789      178   31.96%            4      29636
  447005   977188      101   31.39%            4      29641
  468991   980319       25   32.36%            4      29622
  444819   977639       23   31.27%            3      29627
  456392   978545       11   31.81%            3      29614
  472866   974625       59   32.67%            3      29628
  471716   978832       16   32.52%            3      29625
  450372   976885       15   31.56%            3      29611
  465074   977042       17   32.25%            3      29640
  476223   980042       17   32.70%            3      29629
  447502   978796       17   31.38%            3      29642
  470053   980975       55   32.39%            3      29646
  458786   977509       28   31.94%            3      29641
  448632   977239      127   31.46%            3      29634
  453853   978663       41   31.68%            3      29605
  449048   979497      123   31.43%            3      29642
  460681   980525       28   31.96%            3      29634
  455436   978031       62   31.77%            3      29637
  464454   977963       19   32.20%            3      29620
  446569   978756       17   31.33%            3      29633
  454689   979022       17   31.71%            3      29634
  462240   980480       17   32.04%            3      29639
  473476   981045       20   32.55%            3      29628
  467370   978215       57   32.33%            3      29624
  458381   980945       22   31.85%            3      29624
  455025   978767       50   31.74%            4      29646
  465215   982065       62   32.14%            4      29623
  467546   980115       21   32.30%            4      29612
  472201   981148       49   32.49%            4      29631
  448426   978399       74   31.43%            4      29640
  476521   978621       21   32.75%            4      29638
  486590   977702       21   33.23%            4      29602
  469259   980471       22   32.37%            4      29596
  470633   979548       21   32.45%            4      29604
  470628   982057       52   32.40%            5      29641
  450472   978069       88   31.53%            5      29626
  446488   979022       17   31.32%            4      29632
  451249   979022      100   31.55%            4      29602
  462644   977025       43   32.14%            4      29601
  462940   979981       17   32.08%            4      29631
  457955   979709       44   31.85%            4      29604
  455710   977283       69   31.80%            4      29623
  447480   977566       19   31.40%            4      29630
  457659   980096       19   31.83%            4      29635
  471680   977931       18   32.54%            4      29617
  445189   980221       18   31.23%            4      29634
  465587   978963       18   32.23%            4      29614
  484137   981994       60   33.02%            4      29635
  471443   981621       17   32.44%            4      29605
  476013   980411       17   32.68%            4      29604
  474140   981702       17   32.57%            4      29649
  461365   979996       17   32.01%            4      29632
  463777   978650       20   32.15%            4      29630
  490689   980608       60   33.35%            4      29626
  460077   977635       20   32.00%            4      29643
  473386   979541       20   32.58%            4      29636
  494625   980231       38   33.54%            4      29631
  467995   978739       22   32.35%            4      29625
  476256   979643       22   32.71%            4      29606
  483860   978503       64   33.09%            4      29609
  464066   979457       25   32.15%            4      29613
  473992   980564       21   32.59%            4      29629
  475920   980598       22   32.68%            4      29607
  463648   979050       20   32.14%            4      29622
  476297   980319       15   32.70%            4      29617
  471770   978226       57   32.54%            4      29619
  458874   978920       18   31.92%            4      29626
  450436   979702       17   31.50%            4      29645
  477332   977305       17   32.81%            4      29635
  480473   978792       18   32.93%            4      29625
stop
