    HITS   MISSES  DIRTIES HITRATIO   BUFFERS_MB  CACHED_MB
 1599867  1052034       58   60.33%           14       4428
 1459915   987417       45   59.65%           14       8285
 1417930   990826       86   58.87%           15      12154
 1444085   990573       16   59.31%           15      16024
 1377559   990569       88   58.17%           15      19894
 1407070   991511       35   58.66%           15      23767
 1400926   991713       18   58.55%           15      27640
 1344372   986317      166   57.68%            5      29333
 1379282   991344       17   58.18%            5      29297
 1381798   990640       19   58.24%            5      29332
 1367168   991636       19   57.96%            5      29327
 1397736   988423       19   58.58%            5      29325
 1346182   990203       47   57.62%            5      29344
 1330795   988242       76   57.39%            5      29331
 1352735   989707       97   57.75%            5      29328
 1373108   990042       55   58.10%            5      29317
 1326893   990512       30   57.26%            5      29329
 1361600   983962      218   58.05%            5      29335
 1366194   987553       25   58.04%            5      29331
 1385135   987114       83   58.39%            6      29302
 1393449   991352       31   58.43%            6      29303
 1364015   991681       19   57.90%            6      29321
 1369230   990448       21   58.03%            6      29332
 1399854   990747       21   58.56%            6      29303
 1353937   988862       27   57.79%            6      29316
 1372835   988498       85   58.14%            6      29327
 1335923   990891       61   57.41%            6      29342
 1376394   989503       64   58.18%            6      29336
 1368074   990381       66   58.01%            6      29327
 1523464   990213      102   60.61%            6      29309
 1552544   989073        9   61.08%            6      29338
 1558074   987655       96   61.20%            6      29305
 1565567   990882       16   61.24%            6      29312
 1547374   990531       18   60.97%            6      29324
 1549531   991140       34   60.99%            6      29339
 1541188   992304        6   60.83%            6      29330
 1552479   990994       18   61.04%            6      29338
 1562947   989574       70   61.23%            6      29311
 1507292   992333        7   60.30%            6      29324
 1549573   991595       19   60.98%            6      29306
 1552014   991423       19   61.02%            6      29328
 1497894   991152       19   60.18%            6      29322
 1534896   991555       19   60.75%            6      29316
 1543235   988446       58   60.96%            6      29309
 1525946   991492       19   60.62%            6      29295
 1562899   990954       19   61.20%            6      29302
 1536112   988782       42   60.84%            6      29302
 1535463   990884       20   60.78%            6      29323
 1559389   990588       35   61.15%            6      29330
 1498631   987806      153   60.27%            6      29324
 1543596   989541       44   60.94%            6      29304
 1526483   988007       23   60.71%            6      29307
 1473109   990449       67   59.80%            6      29312
 1512372   990624       27   60.42%            6      29318
 1503921   991343       21   60.27%            6      29328
 1486438   987706      114   60.08%            6      29322
 1516527   988362       36   60.54%            6      29305
 1499728   990752       10   60.22%            6      29297
 1511270   989709       50   60.43%            6      29335
 1537214   991723       18   60.78%            6      29295
 1542678   991672       17   60.87%            6      29327
 1515299   988314       72   60.52%            6      29331
 1535736   990480        6   60.79%            6      29337
 1522429   991032       44   60.57%            6      29315
 1524542   985488       17   60.74%            6      29309
 1520884   990399      105   60.56%            6      29343
 1506937   990470       53   60.34%            6      29326
 1535208   988831       68   60.82%            6      29326
 1541998   990104        6   60.90%            6      29330
 1523118   991533       19   60.57%            6      29318
 1535046   991709       18   60.75%            6      29306
 1524646   989639       48   60.64%            6      29316
 1522572   991789       19   60.56%            6      29319
 1554698   985554       98   61.20%            7      29299
 1501025   989368      102   60.27%            7      29328
 1531314   986659        7   60.82%            7      29325
 1559925   990627       20   61.16%            7      29303
 1495074   989685       91   60.17%            7      29326
 1508260   990442       28   60.36%            7      29333
 1510565   986449      144   60.49%            7      29315
 1510962   991994        8   60.37%            7      29326
 1526780   991111       18   60.64%            7      29313
 1557719   989998       62   61.14%            7      29324
 1485538   991495       14   59.97%            7      29305
 1502537   990220       42   60.28%            7      29303
 1548199   989120       64   61.02%            7      29331
 1524575   989505       42   60.64%            7      29333
 1534319   991371       15   60.75%            7      29314
 1515775   990828       15   60.47%            7      29298
 1516506   991746       19   60.46%            7      29345
 1533582   990276       22   60.76%            7      29321
 1474208   988690      148   59.86%            7      29291
 1504715   987342       98   60.38%            7      29298
 1529578   990901       35   60.69%            7      29299
 1533004   986604       54   60.84%            7      29332
 1537170   991436       22   60.79%            7      29312
 1550490   991391      115   61.00%           11      29294
 1525791   988181       91   60.69%           11      29325
 1535235   991932        7   60.75%           11      29302
 1525741   991701       19   60.61%           11      29298
 1512844   991701       19   60.40%           11      29293
 1547313   991753       19   60.94%           11      29297
 1519139   991068       19   60.52%           11      29334
 1516241   987393       59   60.56%           11      29334
 1550357   990251       19   61.02%           11      29316
 1510317   990865       52   60.38%           11      29323
 1514424   992370        8   60.41%           11      29308
 1523007   988584      116   60.64%           11      29334
 1513136   989512       60   60.46%           11      29314
 1529404   987795       70   60.76%           11      29308
 1536739   991052        8   60.79%           11      29335
 1515924   991093       20   60.47%           12      29324
 1517108   990685       29   60.50%           12      29337
 1547930   991465       19   60.96%           12      29316
 1504286   991524       21   60.27%           12      29306
 1516829   987714       71   60.56%           12      29331
 1542114   991483        4   60.87%           12      29311
 1510439   991045       10   60.38%           12      29297
 1512101   990737       15   60.42%           12      29304
 1534415   990942       20   60.76%           12      29311
 1505992   991822       17   60.29%           12      29322
 1526227   988624       70   60.69%           12      29292
 1524042   991193        6   60.59%           12      29322
 1535577   990584       18   60.79%           12      29334
 1514314   991737       18   60.43%           12      29295
 1486916   990870       44   60.01%           12      29301
 1499461   990704       20   60.22%           12      29337
 1459558   988119      228   59.63%           12      29300
 1514559   988438       91   60.51%           12      29310
 1511306   991436        7   60.39%           12      29305
 1529475   991166       19   60.68%           12      29313
 1531109   990995       19   60.71%           12      29320
 1558313   990180       19   61.15%           12      29303
 1537623   985154       75   60.95%           12      29310
 1530887   991963        7   60.68%           12      29321
stop
