    HITS   MISSES  DIRTIES HITRATIO   BUFFERS_MB  CACHED_MB
 2434917  1045336       51   69.96%           14       4361
 2250631   990243       23   69.45%           14       8230
 2219728   990729       18   69.14%           14      12100
 2139781   991318       21   68.34%           16      15970
 1917873   990455       19   65.94%           17      19838
 1019247   844834       63   54.68%           17      23139
  810212   363615       18   69.02%           17      24559
  811536   206715       56   79.70%           17      25367
  811982   141252       20   85.18%           17      25918
  820070   105972       30   88.56%           17      26332
  886419    85710       38   91.18%           17      26666
  932045    70432       60   92.97%           17      26941
  824994    60413       21   93.18%           17      27179
  902079    51919       21   94.56%           17      27380
  997563    45493       24   95.64%           17      27559
  848522    41004       22   95.39%           17      27719
  870213    36428       22   95.98%           17      27859
  849004    33512       60   96.20%           17      27990
  815362    30913        9   96.35%           17      28112
  831352    28557       15   96.68%           17      28223
  871896    26075       21   97.10%           17      28325
  890941    24359       16   97.34%           17      28420
  780142    23005       17   97.14%           17      28509
  846896    21471       57   97.53%           17      28594
  949222    20369       18   97.90%           17      28674
  806027    19103       18   97.68%           17      28748
  764830    18049       18   97.69%           17      28818
  902259    17336       18   98.11%           17      28886
  831365    16315       17   98.08%           17      28950
  993660    15549       62   98.46%           17      29011
  687091    14907       19   97.88%           17      29069
  954401    14233       19   98.53%           17      29125
  941898    13666       18   98.57%           17      29178
  933529    12833       19   98.64%           17      29228
  929081    12630       19   98.66%           17      29277
  810245    12387       58   98.49%           17      29326
  806810    12729       19   98.45%           17      29260
  864135    12602       20   98.56%           17      29310
  836064    12182       20   98.56%           17      29345
  866734    12151       18   98.62%           17      29348
  915125    12221       36   98.68%           17      29353
  784630    12278       61   98.46%           17      29351
  821954    12124       18   98.55%            7      29322
  829080    12056       21   98.57%            7      29358
  899687    11919       21   98.69%            7      29368
  931293    12402       20   98.69%            7      29376
  869544    13481       21   98.47%            7      29394
  742308    18484       56   97.57%            7      29369
  772531    19851       10   97.49%            7      29398
  939268    22222       14   97.69%            7      29397
  830811    22084       20   97.41%            7      29382
  933731    22306       16   97.67%            7      29385
  945022    21834       16   97.74%            7      29366
  838630    21187       58   97.54%            7      29399
  894447    20479       18   97.76%            7      29396
  777305    19324       18   97.57%            7      29410
  811852    18379       17   97.79%            7      29415
  679597    17716       18   97.46%            7      29416
  848689    17405       19   97.99%            7      29418
  797600    16873       57   97.93%            7      29426
  816745    16336       18   98.04%            7      29424
 1019394    15914       18   98.46%            7      29423
  958371    15556       17   98.40%            7      29412
  926667    14899       18   98.42%            7      29427
  833944    14378       19   98.31%            7      29426
  935188    13761       60   98.55%            7      29417
  764041    13933       18   98.21%            7      29426
  773948    15801       20   98.00%            7      29406
  947757    17471       20   98.19%            7      29418
  859085    18147       18   97.93%            7      29415
  871714    18297       38   97.94%            7      29422
  890477    18164       84   98.00%            8      29438
  838810    17724       21   97.93%            8      29439
  777657    17809       20   97.76%            8      29440
  879009    17473       56   98.05%            7      29437
  863373    17476       21   98.02%            7      29437
  827845    16856       22   98.00%            7      29439
  839548    16935       60   98.02%            7      29445
  771826    16547        9   97.90%            7      29442
  881040    16347       15   98.18%            7      29444
  890760    16293       21   98.20%            7      29435
  885391    16328       17   98.19%            7      29437
  857724    15925       17   98.18%            7      29444
  802629    16008       55   98.04%            7      29444
  996509    16807       18   98.34%            7      29439
  955343    17530       18   98.20%            7      29436
  903912    17993       17   98.05%            7      29445
  905293    18282       18   98.02%            7      29442
  892141    18799       19   97.94%            7      29441
  897093    18685       58   97.96%            6      29449
  848732    18435       19   97.87%            6      29445
  809335    18513       19   97.76%            6      29454
  893996    18285       19   98.00%            6      29456
  953752    17908       19   98.16%            6      29449
  861133    17994       20   97.95%            6      29453
  986678    17765       60   98.23%            6      29453
  933285    17553       18   98.15%            6      29449
  820674    17500       20   97.91%            6      29459
  873194    17437       20   98.04%            6      29451
  836626    18059       18   97.89%            6      29456
  818435    18187       41   97.83%            6      29465
  873245    18854       63   97.89%            6      29455
  846687    18830       21   97.82%            6      29458
  919791    19287       21   97.95%            6      29453
  735962    19425       20   97.43%            6      29463
  821050    19448       22   97.69%            6      29464
  807011    19325       22   97.66%            5      29456
  956423    19024       56   98.05%            6      29465
  932109    18748       10   98.03%            5      29446
  994067    19165       15   98.11%            5      29463
  756551    19023       21   97.55%            5      29463
  845090    18703       17   97.83%            5      29462
  861089    18730       16   97.87%            5      29461
  945933    18599       59   98.07%            5      29457
  788658    18905       17   97.66%            5      29463
  802192    19429       17   97.64%            5      29469
  871922    19664       18   97.79%            5      29466
  805392    19650       18   97.62%            5      29460
  837412    28184      139   96.74%            7      29464
  820514    20799       62   97.53%            6      29467
 1015741    20595       19   98.01%            6      29466
  888166    20596       19   97.73%            6      29467
  832970    20487       18   97.60%            6      29466
  927821    20490       20   97.84%            6      29466
  911656    20116       20   97.84%            6      29464
  740676    20184       62   97.35%            6      29473
  807220    20145       20   97.57%            5      29463
  810169    20254       20   97.56%            5      29456
  858650    20178       18   97.70%            5      29468
  889394    20272       21   97.77%            5      29471
  807652    20460       38   97.53%            5      29469
  971934    20345       58   97.95%            5      29471
  871639    20374       20   97.72%            5      29472
  955391    20570       21   97.89%            5      29470
  864244    20263       26   97.71%            5      29474
stop
