    HITS   MISSES  DIRTIES HITRATIO   BUFFERS_MB  CACHED_MB
 1747543  1042827       58   62.63%           14       4372
 1674490   990192       24   62.84%           14       8241
 1656388   990388       17   62.58%           14      12110
 1631741   989293       17   62.26%           14      15974
 1644450   990397       17   62.41%           14      19842
 1632985   988125       96   62.30%           14      23702
 1618558   990372       20   62.04%           14      27571
 1598296   990389       19   61.74%           13      29463
 1603415   988841       47   61.85%           13      29468
 1606774   989926       27   61.88%           13      29470
 1625079   989656      108   62.15%            4      29473
 1609976   987861       63   61.97%            4      29467
 1610104   990216       19   61.92%            4      29454
 1612550   985856       62   62.06%            4      29479
 1614835   988015        8   62.04%            4      29470
 1619088   987269       17   62.12%            4      29458
 1604315   988632       17   61.87%            4      29490
 1628575   985092       76   62.31%            4      29490
 1612567   989366       20   61.98%            4      29496
 1599519   988038      117   61.82%            4      29456
 1595275   990531        9   61.69%            4      29485
 1595008   989357       20   61.72%            4      29499
 1614167   988080       63   62.03%            4      29471
 1608184   987028       92   61.97%            4      29462
 1615156   988484       22   62.03%            4      29486
 1587829   987530      136   61.65%            4      29515
 1606388   990131       15   61.87%            4      29496
 1600787   989367       14   61.80%            4      29499
 1609756   989093       33   61.94%            4      29492
 1617214   987644      109   62.08%            4      29505
 1687298   989776       36   63.03%            4      29494
 1692836   989840       17   63.10%            4      29494
 1695271   988890       56   63.16%            4      29484
 1689473   990273       16   63.05%            4      29475
 1693859   990019       17   63.11%            5      29517
 1707540   987552       62   63.36%            5      29503
 1696299   990297       19   63.14%            5      29501
 1692927   989997       18   63.10%            5      29498
 1687411   989885       18   63.03%            5      29515
 1726900   990292       22   63.55%            5      29493
 1713249   989236       23   63.40%            5      29485
 1694565   987149      162   63.19%            5      29501
 1707879   990268       19   63.30%            5      29507
 1711164   989031       47   63.37%            5      29496
 1706426   989726       25   63.29%            5      29506
 1710643   995472     1917   63.21%           12      29484
 1679877   988836      721   62.95%           11      29512
 1672747   986319       78   62.91%           11      29506
 1684679   989525       21   63.00%           10      29519
 1661894   989948       21   62.67%            8      29508
 1648348   990355       21   62.47%            8      29515
 1691851   990296       21   63.08%            8      29520
 1681060   990127       22   62.93%            8      29497
 1681555   987376       60   63.00%            8      29484
 1688720   989497       22   63.05%            8      29485
 1666078   990349       13   62.72%            8      29519
 1659651   990458       10   62.63%            8      29491
 1671346   989733       14   62.81%            8      29505
 1665574   990407       20   62.71%            8      29496
 1670389   987420       60   62.85%            8      29493
 1677500   989604       16   62.90%            8      29481
 1685819   990197       18   63.00%            8      29505
 1655657   990406       18   62.57%            8      29485
 1667586   990262       18   62.74%            8      29478
 1667919   990067       18   62.75%            8      29510
 1672968   988156       56   62.87%            8      29480
 1678844   990391       19   62.90%            8      29490
 1671146   989930       18   62.80%            8      29522
 1670975   990041       18   62.79%            8      29526
 1676723   990489       18   62.86%            8      29528
 1672340   990394       18   62.81%            8      29484
 1662832   987253       62   62.75%            8      29480
 1668141   990374       20   62.75%            8      29475
 1664752   990036       20   62.71%            8      29499
 1673475   989385       18   62.85%            8      29494
 1683294   988865       49   62.99%            8      29517
 1686873   988625       22   63.05%            8      29472
 1692360   987547       74   63.15%            8      29505
 1691419   989066      147   63.10%            8      29516
 1697330   990982        9   63.14%            8      29489
 1708204   990373       20   63.30%            8      29473
 1702893   990059       70   63.24%            8      29505
 1696525   990551        9   63.14%            8      29500
 1722741   987584       61   63.56%            8      29483
 1688060   989866       24   63.04%            8      29485
 1706315   990462       13   63.27%            8      29523
 1707650   990540       10   63.29%            8      29482
 1710710   990244       15   63.34%            8      29523
 1719912   990417       21   63.46%            8      29521
 1702513   987705       65   63.29%            8      29521
 1701921   990184       38   63.22%            8      29506
 1693869   990439       17   63.10%            8      29509
 1707189   988250       56   63.34%            8      29498
 1699908   989327       75   63.21%            8      29529
 1694097   989215       43   63.13%            8      29514
 1714362   988076       58   63.44%            8      29505
 1693133   988170       60   63.15%            8      29478
 1713957   990512       17   63.37%            8      29513
 1700924   990254       19   63.20%            8      29495
 1693731   990195       23   63.11%            8      29523
 1720332   990208       19   63.47%            8      29528
 1696487   987857       59   63.20%            8      29484
 1706118   989674       19   63.29%            8      29481
 1703711   988022       19   63.29%            8      29478
 1692791   990400       17   63.09%            8      29501
 1696487   986487       17   63.23%            8      29505
 1713800   986860       17   63.46%            8      29483
 1715743   986008       78   63.50%            9      29511
 1698693   989284       18   63.20%            9      29475
 1692318   990382       20   63.08%            9      29517
 1703232   988911       20   63.27%            9      29508
 1698820   990532       25   63.17%            9      29489
 1691765   989362       39   63.10%            9      29482
 1712081   987951       56   63.41%            9      29519
 1706680   988770       53   63.32%            9      29496
 1696804   989722       25   63.16%            9      29524
 1680407   989611       98   62.94%            9      29519
 1675355   990492       21   62.85%            9      29527
 1671148   988472      102   62.83%            9      29483
 1690494   985693      115   63.17%            9      29487
 1676720   990259       17   62.87%            9      29510
 1682155   990247       17   62.95%            9      29503
 1681333   989976       17   62.94%            9      29508
 1684533   990180       17   62.98%            9      29510
 1685643   989331       17   63.02%            9      29516
 1695292   987969       58   63.18%            9      29509
 1693038   989670       19   63.11%            9      29515
 1665749   990409       18   62.71%            8      29529
 1683057   989986       18   62.96%            8      29522
 1691306   990432       18   63.07%            8      29488
 1704364   989317       18   63.27%            8      29513
 1691973   987876       62   63.14%            8      29476
 1714362   990058       18   63.39%            8      29512
 1669908   990112       17   62.78%            8      29500
 1657197   989098      121   62.62%            8      29518
stop
