    HITS   MISSES  DIRTIES HITRATIO   BUFFERS_MB  CACHED_MB
 1706530  1085797       22   61.11%           14       4594
 1437446   991733       19   59.17%           14       8468
 1487292   988756       59   60.07%           15      12330
 1406094   991207       20   58.65%           15      16202
 1406434   990362       20   58.68%           15      20070
 1416690   991744       21   58.82%           15      23944
 1360722   991264       22   57.85%           15      27816
 1338789   989334       13   57.51%            5      29231
 1369878   988463       51   58.09%            5      29257
 1334140   988285       15   57.45%            5      29232
 1340219   990249       19   57.51%            5      29237
 1344490   991686       16   57.55%            5      29247
 1325612   991705       16   57.20%            5      29243
 1347284   991840       19   57.60%            6      29230
 1371838   988168       78   58.13%            6      29255
 1341169   988465       18   57.57%            6      29233
 1326287   991211       18   57.23%            6      29269
 1360775   989518       17   57.90%            6      29248
 1348986   991480       18   57.64%            6      29230
 1329832   990411       18   57.31%            6      29256
 1313585   986637       59   57.11%            6      29276
 1346237   991284       18   57.59%            6      29270
 1327741   991013       18   57.26%            6      29249
 1354743   989700       20   57.79%            6      29230
 1353171   989093       18   57.77%            6      29245
 1309993   988143       18   57.00%            6      29270
 1319461   987350       53   57.20%            6      29241
 1371035   989908       21   58.07%            6      29251
 1320406   988869       20   57.18%            6      29250
 1509045   990088       35   60.38%            6      29234
 1538150   991620       20   60.80%            6      29243
 1480360   990904       20   59.90%            6      29243
 1512981   988756       63   60.48%            6      29242
 1562538   990171       19   61.21%            6      29273
 1481568   990767       20   59.93%            6      29260
 1518682   988068       20   60.58%            6      29263
 1565817   991743       19   61.22%            6      29245
 1463553   988645       13   59.68%            6      29266
 1521192   986475       48   60.66%            6      29255
 1509123   988778       16   60.42%            6      29248
 1485866   990851       20   59.99%            6      29248
 1494695   991524       17   60.12%            6      29229
 1489279   990702       16   60.05%            6      29235
 1486483   991688       18   59.98%            6      29253
 1506767   987452       61   60.41%            7      29246
 1536180   990766       17   60.79%            7      29252
 1504412   990974       16   60.29%            7      29253
 1496845   990808       17   60.17%            7      29254
 1509451   990880       17   60.37%            7      29267
 1513057   991259       17   60.42%            7      29248
 1507939   989093       56   60.39%            7      29254
 1521397   991694       19   60.54%            7      29243
 1525695   990978       19   60.62%            7      29229
 1494655   991351       19   60.12%            7      29238
 1521215   991529       19   60.54%            7      29254
 1553135   989877       19   61.07%            7      29236
 1481254   986669       60   60.02%            7      29233
 1451174   986308       51   59.54%            7      29251
 1517360   989375       40   60.53%            7      29252
 1505891   977081       37   60.65%            8      29256
 1503808   988518       48   60.34%            8      29246
 1526803   990560       26   60.65%            8      29259
 1460457   988078       79   59.65%            8      29234
 1482001   991487       21   59.92%            8      29258
 1490280   990223       21   60.08%            8      29262
 1472750   989753       47   59.81%            8      29265
 1502441   991190       28   60.25%            8      29246
 1538536   990182       13   60.84%            8      29220
 1478893   989231       50   59.92%            8      29222
 1510131   991744       15   60.36%            8      29232
 1527533   989836       19   60.68%            8      29263
 1500861   986695       16   60.33%            8      29258
 1516055   988382       16   60.53%            8      29267
 1533988   991310       17   60.74%            8      29261
 1512172   987955       57   60.48%            8      29234
 1496137   990001       18   60.18%            8      29239
 1506870   988623       18   60.38%            8      29265
 1527162   991924      115   60.62%           11      29243
 1484222   989777       47   59.99%           11      29225
 1516692   991625        6   60.47%           11      29255
 1506837   987638       62   60.41%           11      29250
 1491272   988247       19   60.14%           11      29226
 1492113   988652       18   60.15%           11      29230
 1506915   990680       18   60.33%           11      29245
 1476546   990877       18   59.84%           11      29231
 1489065   991743       18   60.02%           11      29241
 1511372   986255       56   60.51%           11      29252
 1469305   989733       21   59.75%           11      29233
 1485896   991314       20   59.98%           11      29242
 1522223   990179       36   60.59%           11      29231
 1469801   991662       20   59.71%           11      29264
 1483024   990630       20   59.95%           11      29241
 1525514   988886       62   60.67%           11      29254
 1463515   991181       18   59.62%           11      29234
 1488751   991188       19   60.03%           11      29249
 1529300   991152       19   60.68%           11      29229
 1458009   990439       20   59.55%           11      29242
 1476088   990808       13   59.84%           11      29271
 1515183   988214       50   60.53%           11      29245
 1458216   989312       16   59.58%           11      29217
 1494187   990350       20   60.14%           11      29229
 1518363   990066       17   60.53%           11      29248
 1469783   989830       17   59.76%           11      29252
 1496664   990195       17   60.18%           11      29227
 1518840   988055       61   60.59%           11      29259
 1473359   991081       17   59.78%           11      29232
 1462117   991109       17   59.60%           11      29269
 1499643   990422       30   60.23%           11      29252
 1503272   990063        6   60.29%           11      29235
 1501029   990470       17   60.25%           11      29240
 1524485   988289       55   60.67%           11      29251
 1518799   990255       20   60.53%           11      29271
 1493861   990459       19   60.13%           11      29240
 1514334   991355       19   60.44%           11      29257
 1539446   991585       19   60.82%           11      29237
 1493088   990462       19   60.12%           11      29266
 1524572   987705       62   60.68%           11      29267
 1542486   991156       19   60.88%           11      29240
 1500707   991250       19   60.22%           11      29219
 1523049   989277       34   60.62%           11      29249
 1523889   991169       23   60.59%           11      29229
 1502641   990972       19   60.26%           11      29265
 1526889   985169       67   60.78%           11      29242
 1543695   991951        8   60.88%           11      29261
 1477201   991256       19   59.84%           11      29240
 1519215   990129       21   60.54%           11      29224
 1546926   991307       22   60.94%           11      29261
 1479486   989934       13   59.91%           11      29264
 1526343   987903       60   60.71%           11      29224
 1546524   990574        6   60.96%           11      29251
 1498575   987758       19   60.27%           11      29240
 1521926   991708       17   60.55%           11      29250
 1539563   991297       17   60.83%           11      29251
 1498155   991084       17   60.19%           11      29259
 1491941   988620       68   60.15%           11      29258
stop
