    HITS   MISSES  DIRTIES HITRATIO   BUFFERS_MB  CACHED_MB
 1443510  1041956       36   58.08%           14       4381
 1315956   990229       20   57.06%           14       8249
 1316606   991227       20   57.05%           14      12121
 1316780   987155       20   57.15%           14      15977
 1321533   983744       96   57.33%           17      19816
 1348601   989540      110   57.68%           18      23682
 1371853   990967       47   58.06%           18      27552
 1343348   991181       19   57.54%           17      29253
 1352751   987090       65   57.81%           18      29248
 1347529   991569       31   57.61%           18      29239
 1331709   987293       61   57.43%            7      29259
 1342593   991170       24   57.53%            7      29245
 1360212   990204       22   57.87%            7      29240
 1328748   986957       22   57.38%            7      29262
 1343097   988480       33   57.60%            7      29262
 1353431   988811        9   57.78%            7      29228
 1330130   984143       55   57.48%            7      29259
 1340115   989978       15   57.51%            7      29263
 1339006   991430       20   57.46%            7      29272
 1321465   990202       17   57.17%            7      29236
 1351759   989042       17   57.75%            7      29287
 1329756   991682       43   57.28%            9      29235
 1335751   987929       59   57.48%            8      29243
 1352692   989742       18   57.75%            8      29248
 1289625   989876       17   56.57%            8      29269
 1332129   989862       18   57.37%            8      29256
 1338893   989793       19   57.50%            8      29298
 1310844   990775       19   56.95%            8      29260
 1309935   986306       62   57.05%            8      29293
 1476458   990620       19   59.85%            8      29283
 1437199   990224       19   59.21%            8      29278
 1455456   989848       94   59.52%            8      29291
 1483848   990894       19   59.96%            7      29310
 1482838   982370       19   60.15%            7      29280
 1485445   986425       99   60.09%            7      29268
 1486609   989610       20   60.04%            7      29314
 1487428   985552       21   60.15%            6      29311
 1495508   990827       21   60.15%            6      29310
 1477801   988967       37   59.91%            6      29317
 1493924   989859       20   60.15%            6      29322
 1510421   988003       62   60.45%            6      29304
 1473795   991069       21   59.79%            6      29321
 1499682   983647       22   60.39%            6      29305
 1473964   991348       22   59.79%            6      29315
 1448025   990769       57   59.37%            6      29273
 1469130   990467        9   59.73%            6      29296
 1423860   987393      100   59.05%            6      29303
 1481296   988588       68   59.97%            6      29307
 1483180   983935       25   60.12%            6      29315
 1468100   989316       16   59.74%            6      29282
 1472371   986615       16   59.88%            6      29323
 1451675   990186       17   59.45%            6      29286
 1393636   986587       59   58.55%            6      29322
 1368568   990754       18   58.01%            6      29307
 1349204   991410       18   57.64%            6      29287
 1297706   991218       19   56.70%            6      29276
 1283222   989280       19   56.47%            6      29311
 1258730   981334       19   56.19%            6      29292
 1189304   987384       57   54.64%            6      29287
 1200117   988127       24   54.84%            6      29281
 1199784   989119       40   54.81%            6      29313
 1186219   990386       20   54.50%            6      29297
 1210317   987865       20   55.06%            6      29288
 1201597   985345       58   54.94%            6      29321
 1168473   985923       63   54.24%            6      29297
 1126748   989685       20   53.24%            6      29324
 1065411   986609       21   51.92%            6      29309
 1012995   988003       38   50.62%            6      29329
  947132   987837       21   48.95%            6      29310
  899405   989325       20   47.62%            6      29320
  862964   983790       64   46.73%            7      29312
  824918   988325       22   45.49%            7      29300
  798497   988142       22   44.69%            7      29314
  830245   985892       22   45.71%            7      29322
  835659   980739       32   46.01%            7      29324
  802364   985533       35   44.88%            7      29303
  805035   982908       57   45.03%            7      29327
  784504   986575       16   44.30%            7      29309
  807224   986673       53   45.00%            7      29316
  803788   987238       17   44.88%            7      29323
  800679   986730       16   44.80%            7      29301
  830184   989061       17   45.63%            7      29300
  823785   984535       62   45.56%            7      29321
  828442   983732       17   45.72%            7      29326
  830105   980433       18   45.85%            7      29314
  854112   983967      133   46.47%            9      29307
  818182   980144       40   45.50%            7      29331
  806663   983534       19   45.06%            7      29332
  819398   985285       60   45.40%            7      29313
  805389   987541       19   44.92%            7      29335
  804867   985001       20   44.97%            7      29331
  802597   987578       20   44.83%            7      29317
  806119   986609       20   44.97%            7      29307
  810299   988074       19   45.06%            6      29327
  797567   985359       59   44.73%            6      29307
  808658   989067       20   44.98%            6      29313
  791937   988063       21   44.49%            6      29308
  822866   986344       37   45.48%            6      29278
  810724   989293       21   45.04%            6      29321
  804781   988227       21   44.88%            6      29308
  807186   986069       60   45.01%            6      29317
  802873   988668       21   44.81%            6      29307
  807552   989299       22   44.94%            6      29305
  812001   988542       22   45.10%            6      29321
  813061   984026       22   45.24%            6      29298
  805251   982557       13   45.04%            6      29308
  785749   986142       56   44.35%            6      29310
  764912   987868       17   43.64%            6      29300
  787186   987584       17   44.35%            6      29316
  813292   989059       17   45.12%            6      29312
  821373   987884       18   45.40%            6      29302
  809808   989110       17   45.02%            6      29333
  811413   985435       61   45.16%            6      29314
  828033   985260       18   45.66%            6      29297
  826846   989740       18   45.52%            6      29310
  794986   986986       20   44.61%            6      29314
  789620   985510       19   44.48%            6      29294
  823742   988476       19   45.45%            6      29309
  812231   985767       57   45.17%            6      29314
  818587   987104       19   45.33%            6      29324
  811802   987675       20   45.11%            6      29304
  822381   989553       20   45.39%            6      29327
  805354   988810       20   44.89%            6      29321
  814095   989310       19   45.14%            6      29303
  803334   986392       60   44.89%            6      29315
  830208   989594       19   45.62%            6      29311
  831619   989223       20   45.67%            6      29305
  837490   986716       36   45.91%            6      29322
  833722   986859       21   45.79%            6      29316
  791286   988557       20   44.46%            6      29300
  812628   985810       66   45.19%            6      29303
  813006   989268       22   45.11%            6      29311
  821445   989355       22   45.36%            6      29325
  820366   989475       21   45.33%            6      29331
  809866   990851       23   44.97%            6      29320
stop
