    HITS   MISSES  DIRTIES HITRATIO   BUFFERS_MB  CACHED_MB
 2213006   497427       25   81.65%            8       2238
 1855637   988473       37   65.24%            8       6099
 1851441   988942        6   65.18%            8       9962
 1954329   999333     1918   66.17%           20      13854
 2071193   984389      765   67.78%           21      17698
 1708331   988479       50   63.35%           22      21558
 1642376   988603      148   62.42%           22      25419
 1620402   988429       40   62.11%           23      29281
 1578820   983696       55   61.61%            2      29377
 1574022   988411       87   61.43%            2      29390
 1581660   987899       75   61.55%            3      29377
 1582427   988448       14   61.55%            3      29397
 1578140   988171       49   61.49%            3      29387
 1580401   988187       15   61.53%            3      29384
 1571903   988190       14   61.40%            3      29355
 1572703   987670       31   61.42%            3      29391
 1575801   986879       51   61.49%            3      29347
 1576249   987319       14   61.49%            3      29356
 1570592   988080       15   61.38%            3      29368
 1574049   988524       15   61.42%            3      29387
 1576519   987961       20   61.48%            3      29384
 1569916   988536       34   61.36%            3      29396
 1572801   987589       53   61.43%            3      29377
 1582550   988223       41   61.56%            3      29360
 1583609   987748       24   61.59%            3      29378
 1582347   988507       15   61.55%            3      29391
 1572773   988368       80   61.41%            3      29382
 1583710   988524       45   61.57%            3      29367
 1585176   987247       57   61.62%            3      29375
 1559141   987542       69   61.22%            3      29391
 1561183   988656        8   61.23%            3      29361
 1566309   988159       19   61.32%            3      29380
 1574195   986840       18   61.47%            3      29351
 1567055   988541       18   61.32%            3      29386
 1591022   987951       57   61.69%            3      29390
 1598474   987366       13   61.82%            3      29399
 1605951   988244       10   61.91%            3      29382
 1608808   988527       13   61.94%            3      29367
 1610068   988359       19   61.96%            3      29352
 1615165   988407       13   62.04%            3      29385
 1618735   987803       51   62.10%            3      29374
 1620466   988135       12   62.12%            3      29371
 1621221   988606       12   62.12%            3      29378
 1608328   988092       13   61.94%            3      29367
 1611306   987877       74   61.99%            3      29385
 1613704   987572       23   62.04%            3      29373
 1611229   987591       53   62.00%            4      29360
 1617833   987709       41   62.09%            4      29364
 1604058   987771      150   61.89%            4      29382
 1591626   987998       57   61.70%            4      29371
 1586367   988424       15   61.61%            4      29362
 1590708   987417       44   61.70%            4      29372
 1577902   987278       89   61.51%            4      29373
 1590220   988126      103   61.68%            4      29385
 1593348   988148       15   61.72%            4      29375
 1594968   988055       59   61.75%            4      29358
 1583618   988124        7   61.58%            4      29377
 1589172   988592       16   61.65%            4      29355
 1601713   987394       57   61.86%            4      29385
 1602771   988569       19   61.85%            4      29391
 1578360   988100       19   61.50%            4      29376
 1591155   988567       19   61.68%            4      29361
 1593030   988528       17   61.71%            4      29381
 1583653   988357       17   61.57%            4      29394
 1594249   987943       59   61.74%            4      29377
 1589416   988010       37   61.67%            4      29388
 1589035   988381       75   61.65%            4      29372
 1592006   988247       53   61.70%            4      29385
 1582090   988163       44   61.55%            4      29377
 1592325   988483       13   61.70%            4      29367
 1597048   987200       51   61.80%            4      29374
 1590458   988068       13   61.68%            4      29357
 1582669   987679       14   61.57%            4      29367
 1590713   988539       14   61.67%            4      29364
 1587120   988581       14   61.62%            4      29388
 1597068   988092       31   61.78%            4      29378
 1605510   987542       53   61.92%            4      29388
 1590822   987713       13   61.69%            4      29378
 1594944   988389       14   61.74%            4      29383
 1581543   988155       13   61.55%            4      29375
 1560717   988480       14   61.22%            4      29382
 1551809   987790       19   61.10%            4      29359
 1561945   987646       78   61.26%            4      29368
 1556261   987537       34   61.18%            4      29378
 1554656   987308      128   61.16%            4      29381
 1546464   988352       86   61.01%            4      29395
 1552267   988518       41   61.09%            4      29381
 1554074   988553       16   61.12%            4      29387
 1552352   986760       87   61.14%            4      29397
 1550712   988350       26   61.07%            4      29360
 1549695   988312       17   61.06%            4      29374
 1557761   988522       18   61.18%            4      29382
 1562781   987958       18   61.27%            4      29379
 1562078   988076       17   61.25%            4      29398
 1561046   987545       58   61.25%            4      29381
 1566930   988535       13   61.32%            4      29367
 1566615   988224       10   61.32%            4      29383
 1563360   988299       13   61.27%            4      29367
 1558430   988114       17   61.20%            4      29374
 1559400   987597      166   61.23%            4      29384
 1563959   988048        6   61.28%            4      29389
 1559058   988303       12   61.20%            4      29375
 1547087   987842      211   61.03%            4      29366
 1564301   987310       35   61.31%            4      29378
 1556266   988519       13   61.16%            4      29381
 1563453   986475      168   61.31%            5      29377
 1557296   988401       18   61.17%            5      29360
 1563433   987860       14   61.28%            5      29355
 1559286   988110       19   61.21%            5      29393
 1565680   987960       37   61.31%            5      29381
 1563416   987730      115   61.28%            5      29367
 1559732   987711       86   61.23%            5      29382
 1558713   988410        8   61.20%            5      29371
 1559056   988343       15   61.20%            5      29383
 1567565   987066       15   61.36%            5      29374
 1564073   988219       56   61.28%            5      29364
 1568264   988632        7   61.33%            5      29382
 1569181   987182       65   61.38%            5      29381
 1564637   988306       37   61.29%            5      29372
 1567145   988157       26   61.33%            5      29384
 1566979   988559       17   61.32%            5      29382
 1562538   987905       83   61.27%            5      29394
 1569294   988630      139   61.35%            6      29388
 1534374   987851       84   60.83%            6      29358
 1538168   988302       46   60.88%            6      29385
 1537004   988356       76   60.86%            6      29363
 1537008   988508       35   60.86%            6      29364
 1531452   988104       17   60.78%            6      29390
 1539188   987751       53   60.91%            6      29388
 1533868   987844       67   60.83%            6      29382
 1534899   985482        6   60.90%            6      29393
 1538431   988343       15   60.89%            6      29388
 1539993   988096       16   60.92%            6      29365
 1540814   988541       16   60.92%            6      29387
 1539802   988513       14   60.90%            6      29386
mglru stop
