    HITS   MISSES  DIRTIES HITRATIO   BUFFERS_MB  CACHED_MB
 2336761   138353       54   94.41%            5        786
 1639720   987915       61   62.40%            8       4641
 1580106   988799       19   61.51%            8       8503
 1532789   988128       59   60.80%            8      12363
 1506406   988293       20   60.38%            8      16224
 1499752   988797        9   60.27%            8      20086
 1482877   988792       18   59.99%            8      23948
 1453875   988729       19   59.52%            8      27812
 1417539   988098       16   58.93%            8      29383
 1417639   987116       53   58.95%            8      29373
 1416397   986591       17   58.94%            8      29377
 1407712   988025       17   58.76%            7      29404
 1405239   987663       17   58.73%            7      29364
 1408985   987202       17   58.80%            7      29372
 1401207   987116       34   58.67%            7      29387
 1403403   985375       56   58.75%            7      29367
 1411426   986169       17   58.87%            7      29412
 1403619   986727       17   58.72%            7      29396
 1398856   986254       17   58.65%            7      29433
 1402723   987157       17   58.69%            7      29430
 1400275   987671       17   58.64%            7      29434
 1401654   986648       62   58.69%            7      29409
 1407182   987641       19   58.76%            7      29444
 1412679   986642       19   58.88%            7      29449
 1421831   987163       19   59.02%            7      29449
 1402862   986850       20   58.70%            6      29462
 1427165   987083       21   59.11%            6      29432
 1418031   986589       59   58.97%            6      29425
 1419928   986839       19   59.00%            6      29466
 1425952   986461       19   59.11%            6      29433
 1585051   987140       19   61.62%            6      29447
 1582446   987436       19   61.58%            5      29489
 1600595   987079       45   61.85%            6      29458
 1590981   986945       59   61.72%            6      29457
 1598731   986449      113   61.84%            6      29495
 1591122   987642       51   61.70%            6      29469
 1585523   987970       14   61.61%            6      29492
 1592033   987446       20   61.72%            6      29473
 1589977   987880       16   61.68%            6      29493
 1590524   987260       53   61.70%            6      29504
 1589901   987791       43   61.68%            6      29471
 1584049   987921       76   61.59%            6      29476
 1591875   987765       41   61.71%            6      29474
 1592163   987057       45   61.73%            6      29490
 1586374   987672       41   61.63%            6      29513
 1588028   986729       59   61.68%            6      29522
 1568184   987315       17   61.37%            6      29507
 1535982   988082       18   60.85%            6      29513
 1482725   987514       18   60.02%            6      29503
 1449654   987477      100   59.48%            6      29523
 1437682   986764       42   59.30%            6      29507
 1425550   986734       57   59.10%            6      29494
 1423078   987584      124   59.03%            6      29526
 1423978   987830       47   59.04%            5      29517
 1413657   987937       19   58.86%            5      29502
 1425336   984883       50   59.14%            5      29523
 1419161   985796      140   59.01%            5      29520
 1418498   985654       61   59.00%            6      29538
 1418265   987807       59   58.95%            6      29518
 1403916   987176       46   58.71%            6      29536
 1404778   988115       20   58.71%            6      29501
 1393346   987623       58   58.52%            6      29503
 1359457   985193      124   57.98%            6      29549
 1314432   986274      123   57.13%            6      29537
 1260088   984855       79   56.13%            6      29533
 1228709   986600       18   55.46%            6      29514
 1180080   986369       16   54.47%            6      29540
 1189900   984829       76   54.71%            8      29540
 1186404   984176       41   54.66%            8      29509
 1151574   986258       76   53.87%            8      29546
 1162747   985176      129   54.13%            8      29537
 1146802   984674       26   53.80%            8      29529
 1127876   984800       17   53.39%            8      29542
 1094627   986040       17   52.61%            8      29540
 1084993   984380       34   52.43%            8      29533
 1087475   983613       55   52.51%            8      29526
 1066707   982524      146   52.05%            8      29533
 1066373   982956       85   52.04%            8      29531
 1066009   986390       45   51.94%            8      29531
 1089248   984395       54   52.53%            8      29555
 1068769   985354       19   52.03%            8      29535
 1073571   980619       58   52.26%            8      29538
 1080300   984290       21   52.33%            8      29539
 1080510   984801      109   52.32%            8      29552
 1073819   982973       44   52.21%            8      29525
 1088835   984910       20   52.51%            8      29544
 1089594   986781       83   52.48%            8      29543
 1088848   983943       60   52.53%            8      29552
 1073115   985440       20   52.13%            8      29557
 1098933   983048       54   52.78%            8      29531
 1084425   984209       20   52.42%            8      29539
 1081541   983505      186   52.37%            8      29539
 1071344   983961       47   52.13%            8      29545
 1064940   985396       70   51.94%            8      29544
 1084745   981111       20   52.51%            8      29555
 1085134   984885        9   52.42%            8      29546
 1082425   982208       81   52.43%            8      29553
 1051315   983835       26   51.66%            8      29541
 1058944   984906       16   51.81%            8      29524
 1049139   983246       54   51.62%            8      29521
 1017510   984595       16   50.82%            8      29547
 1004695   982861       16   50.55%            8      29533
  970699   984447       16   49.65%            8      29537
  952092   983666       16   49.18%            8      29540
  960396   981487       79   49.46%            9      29542
  956833   983778       74   49.31%            9      29542
  955942   985654       18   49.23%            9      29556
  984690   984803       18   50.00%            9      29549
  970364   984367       18   49.64%            9      29539
  957594   984137       18   49.32%            8      29534
  980154   985488       18   49.86%            8      29551
  960146   981753       55   49.44%            8      29545
  975161   984484       19   49.76%            8      29528
  981474   981130       18   50.01%            8      29548
  956943   984270       19   49.30%            8      29548
  956375   984258       19   49.28%            8      29549
  974327   983266       20   49.77%            8      29530
  962150   983349       62   49.46%            8      29542
  976994   985410       20   49.79%            8      29524
  980788   984709       19   49.90%            8      29541
  971725   980833       20   49.77%            8      29534
  967202   983280       67   49.59%            8      29537
  960512   984590       79   49.38%            8      29542
  945240   982979       61   49.02%            8      29528
  975984   984917       25   49.77%            8      29550
  957415   986007       86   49.26%            8      29550
  951196   983418       43   49.17%            8      29526
  940769   983599       53   48.89%            8      29556
  945542   982958       24   49.03%            8      29556
  985149   983754       57   50.04%            8      29538
  952915   983421       17   49.21%            8      29558
  969996   984252       17   49.64%            8      29534
  947293   985371       17   49.01%            8      29552
  961673   982918       16   49.45%            8      29532
  968553   982408       36   49.64%            8      29532
  978284   984587       53   49.84%            8      29556
  940372   986160       21   48.81%            8      29526
  982819   987213       18   49.89%            8      29555
  982521   985633       17   49.92%            8      29545
  935051   985248       17   48.69%            8      29545
  963819   985120       17   49.45%            8      29532
  954815   981085       65   49.32%            8      29559
  965382   985030      112   49.50%            8      29533
  977652   983916       43   49.84%            8      29543
  968238   986090      130   49.54%            8      29527
  982847   986673       25   49.90%            7      29546
  938793   984638       20   48.81%            7      29556
  971973   985799       59   49.65%            7      29557
  978220   985831       19   49.81%            7      29547
  950746   986027       19   49.09%            7      29558
  957310   985201       19   49.28%            7      29556
  987135   985071       28   50.05%            7      29535
  964591   984042      195   49.50%            7      29540
  977802   984510       59   49.83%            7      29549
  957963   981984       50   49.38%            7      29532
 1013390   986453       18   50.67%            7      29550
  968987   983941       14   49.62%            7      29550
  978308   982236       20   49.90%            7      29530
 1024194   986100       16   50.95%            7      29551
 1014321   983223       55   50.78%            7      29550
  980921   984275       16   49.91%            7      29529
  978059   985893       42   49.80%            7      29559
  974053   984055       16   49.74%            7      29543
  969621   983593       16   49.64%            7      29525
 1000393   986310      152   50.35%            8      29543
  991554   984897       57   50.17%            7      29550
  995119   982966       19   50.31%            7      29544
  991194   985667       44   50.14%            7      29542
  971427   985726       27   49.63%            7      29555
 1002261   985739       18   50.42%            7      29530
  990937   985241       18   50.14%            7      29545
  978054   981305       54   49.92%            7      29548
  998434   985980       59   50.31%            7      29527
  953546   984066      159   49.21%            7      29552
  996170   985421       44   50.27%            7      29556
  988686   986069       54   50.07%            7      29553
 1007087   985280       17   50.55%            7      29542
  975375   985018       61   49.75%            7      29553
  988255   984020       20   50.11%            7      29560
  988129   986719       26   50.04%            8      29562
 1444742   728388       93   66.48%           10      11494
 1988466   321423      159   86.08%            5       1388
 1570072   986925       54   61.40%            5       5244
 1567408   986193      173   61.38%            7       9095
 1567347   987059       22   61.36%            7      12951
 1543725   987323       14   60.99%            7      16807
 1545316   986870       67   61.03%            7      20662
 1537602   987154       79   60.90%            7      24518
 1523428   987296       40   60.68%            7      28375
 1524379   986558       83   60.71%            6      29554
 1521909   985448      253   60.70%            6      29524
 1521980   986693       42   60.67%            6      29529
 1517210   986885       17   60.59%            6      29520
 1529555   986929       46   60.78%            6      29541
 1515678   986164       63   60.58%            6      29528
 1511558   986580      225   60.51%            6      29546
 1523770   987242       41   60.68%            6      29516
 1521709   987029       42   60.66%            6      29530
 1516431   987210       27   60.57%            6      29543
 1515733   987260       17   60.56%            6      29520
 1538765   987366       31   60.91%            6      29528
 1515882   986064      142   60.59%            6      29515
 1517489   987101       44   60.59%            6      29537
 1523625   986764      133   60.69%            6      29512
 1529440   986636       26   60.79%            6      29544
 1515687   986763       19   60.57%            6      29535
 1511473   987185       17   60.49%            6      29533
 1528419   986189       57   60.78%            6      29528
 1520125   986745       16   60.64%            6      29541
 1530232   986745       16   60.80%            6      29503
 1529699   986968       18   60.78%            6      29515
 1518724   986820       16   60.61%            6      29528
 1699611   987225       19   63.26%            7      29512
 1693346   986340       59   63.19%            7      29508
 1725995   987384       19   63.61%            7      29523
 1686770   987294        9   63.08%            7      29522
 1707018   986776       14   63.37%            7      29534
 1702040   987271       19   63.29%            7      29548
 1727621   987368       16   63.63%            7      29530
 1733493   986695       53   63.73%            7      29524
 1714439   987234       15   63.46%            7      29508
 1705231   987209       15   63.33%            7      29522
 1713937   987208       16   63.45%            7      29551
 1712854   987337       16   63.43%            7      29517
 1713092   986586       33   63.46%            7      29526
 1714936   986598       57   63.48%            7      29507
 1714072   986872       17   63.46%            7      29520
 1692060   987004       17   63.16%            7      29540
 1712631   987034       17   63.44%            7      29546
 1702128   987313       18   63.29%            7      29525
 1722347   987310       18   63.56%            7      29517
 1702533   986638       54   63.31%            7      29528
 1714586   987258       18   63.46%            7      29550
 1695680   987206      120   63.20%            9      29533
 1701439   987051       61   63.29%            9      29517
 1699900   986960       22   63.27%            9      29527
 1679305   986500       19   62.99%            9      29547
 1690893   986732       61   63.15%            9      29545
 1686540   987080       19   63.08%            9      29500
 1691597   987300       18   63.15%            9      29537
 1686561   986944       18   63.08%            9      29519
 1679009   987149       19   62.97%            9      29534
 1681344   987266       19   63.00%            9      29525
 1689641   985840       67   63.15%            9      29504
 1691055   987286       14   63.14%            9      29547
 1695323   987090      108   63.20%            9      29533
 1677369   987258       18   62.95%            9      29517
 1669193   986572       49   62.85%            9      29515
 1683742   987074       23   63.04%            9      29527
 1690205   986703       57   63.14%            9      29510
 1677268   983640       16   63.03%            9      29511
 1678887   987089       16   62.97%            9      29498
 1682268   987308       17   63.02%            9      29509
 1673974   987287       16   62.90%            9      29530
 1671123   986013      224   62.89%            9      29518
 1666105   986253       82   62.82%            9      29527
 1682623   987155       16   63.02%            9      29520
 1691511   986976       52   63.15%            9      29539
 1666201   987172       17   62.80%            9      29521
 1689693   987472       17   63.12%            9      29523
 1673813   987449       17   62.90%            9      29516
 1697945   986658       58   63.25%            9      29528
 1667937   987242       18   62.82%            9      29521
 1684138   986849       19   63.05%            9      29534
 1678966   986948       18   62.98%            9      29524
 1681895   987164      118   63.01%           10      29523
 1673970   986856       60   62.91%           10      29528
 1681501   986548       59   63.02%           10      29532
 1684762   987297       18   63.05%           10      29546
 1684885   987298       18   63.05%           10      29531
 1681913   987232       18   63.01%           10      29538
